VERSION 2
BPM 340
PAGE_SHIFT 0
PAGE_SIZE 0.705882352941177
NOTE	0	1.87506341934204	0.787069737911224	0
NOTE	1	2.78914594650269	0.261521190404892	0
NOTE	2	3.68619704246521	0.799856781959534	0
NOTE	3	6.42173337936401	0.220602557063103	0
NOTE	4	7.3306303024292	0.77428263425827	0
NOTE	5	8.23978137969971	0.211651518940926	0
NOTE	6	9.15554141998291	0.784512341022491	0
NOTE	7	4.60714292526245	0.256406307220459	0.2250000
NOTE	8	5.5212254524231	0.766610443592072	0
NOTE	9	9.83454532921314	0.186077475547791	0
NOTE	10	10.057523727417	0.432867914438248	0
NOTE	11	10.9632177352905	0.787069797515869	0
NOTE	12	11.6404933929443	0.178405106067657	0
NOTE	13	11.8807573318481	0.417523443698883	0
NOTE	14	12.791332244873	0.798578083515167	0
NOTE	15	13.7073965072632	0.449491083621979	0
NOTE	16	13.444712638855	0.215487763285637	0
NOTE	17	14.5022115707397	0.77939760684967	0.4937849
NOTE	18	15.2748098373413	0.239783108234406	0.4751902
NOTE	19	16.4274272918701	0.718019545078278	0
NOTE	20	16.8785190582275	0.26663601398468	0
NOTE	21	17.0375442504883	0.807529032230377	0
NOTE	22	17.343189239502	0.206536740064621	0
NOTE	23	17.7891445159912	0.797299385070801	0
NOTE	24	18.2419675514102	0.211651593446732	0
NOTE	25	18.6861972808838	0.804971635341644	0
NOTE	26	18.9175148010254	0.256406307220459	0
NOTE	27	19.1197509765625	0.673264801502228	0
NOTE	28	19.6175136566162	0.251291543245316	0
NOTE	29	20.079029083252	0.849726378917694	0
NOTE	30	20.5177688598633	0.157945871353149	0
NOTE	31	20.7234620600939	0.756380796432495	0
NOTE	32	20.941255569458	0.225717440247536	0
NOTE	33	21.4286479949951	0.521098613739014	0
NOTE	34	21.8881294056773	0.256406307220459	0
NOTE	35	22.3219871520996	0.851005077362061	0
NOTE	36	22.558744430542	0.218045130372047	0
NOTE	37	22.8266639709473	0.641297161579132	0
NOTE	38	23.2466945648193	0.205258086323738	0
NOTE	39	23.6214790344238	0.784512281417847	0
NOTE	40	24.1261539459229	0.334407418966293	0
NOTE	41	24.3508644104004	0.866349577903748	0
NOTE	42	24.6412553787231	0.203979343175888	0
NOTE	43	25.0575256347656	0.596542358398438	0
NOTE	44	25.5293598175049	0.258963733911514	0
NOTE	45	25.9614906311035	0.619559109210968	0
NOTE	46	26.1758270263672	0.284537881612778	0
NOTE	47	26.4382553100586	0.863792181015015	0
NOTE	48	26.8738441467285	0.256406337022781	0
NOTE	49	27.3301219940186	0.762774288654327	0
NOTE	50	27.7878753393888	0.224438637495041	0
NOTE	51	28.0315971374512	0.839496731758118	0
NOTE	52	74.5920946598053	0.189913470459938	0.2250000
NOTE	53	74.5920946598053	0.807529032230377	0.2250000
NOTE	54	75.4269180297852	0.313948214054108	0.2250000
NOTE	55	75.4269180297852	0.686051898638425	0.2250000
NOTE	56	0.375063508749008	0.802414178848267	0.3640188
NOTE	57	1.12666499614716	0.214208975434303	0.2250000
NOTE	58	28.2563039213419	0.243619322776794	0
NOTE	59	28.7091274261475	0.752544641494751	0
NOTE	60	29.1291542053223	0.289652705192566	0
NOTE	61	29.5869083404541	0.760216891765594	0
NOTE	62	29.768404006958	0.251291424036026	0
NOTE	63	30.0743007659912	0.744872391223907	0
NOTE	64	30.4977874755859	0.292210131883621	0
NOTE	65	30.9745540618896	0.744872391223907	0.4004460
NOTE	66	31.8266658782959	0.297324925661087	0.4233341
NOTE	67	32.7850151062012	0.817758738994598	0
NOTE	68	32.9032287597656	0.592706263065338	0
NOTE	69	33.2592544555664	0.218045145273209	0
NOTE	70	33.7509994506836	0.182241335511208	0
NOTE	71	33.8881301879883	0.420080870389938	0
NOTE	72	34.1733360290527	0.78323358297348	0.2250000
NOTE	73	34.6313438415527	0.219323813915253	0
NOTE	74	35.0600166320801	0.770446598529816	0
NOTE	75	35.462459564209	0.223159998655319	0
NOTE	76	35.8721160888672	0.775561332702637	0
NOTE	77	36.4614894390106	0.287095278501511	0
NOTE	78	37.3116149902344	0.578640460968018	0
NOTE	79	36.8483772277832	0.852283835411072	0.2250000
NOTE	80	37.7920951843262	0.206536740064621	0.2250000
NOTE	81	38.2826881408691	0.35870298743248	0
NOTE	82	38.4866561889648	0.558181285858154	0
NOTE	83	38.7044486999512	0.339522361755371	0
NOTE	84	39.1261568069458	0.8868088722229	0
NOTE	85	39.3278387635946	0.675822198390961	0
NOTE	86	39.5168020427227	0.858677268028259	0
NOTE	87	40.0381011962891	0.160503298044205	0
NOTE	88	40.275520324707	0.494245827198029	0
NOTE	89	40.4863967895508	0.494245827198029	0
NOTE	90	40.897533416748	0.765331745147705	0
NOTE	91	41.1947364807129	0.537721872329712	0
NOTE	92	41.4002304077148	0.234668269753456	0.2250000
NOTE	93	42.0009994506836	0.757659494876862	0
NOTE	94	42.2270851135254	0.927727520465851	0
NOTE	95	42.455249786377	0.762774288654327	0
NOTE	96	42.9083023071289	0.48018005490303	0
NOTE	97	43.1543197631836	0.0863382965326309	0
NOTE	98	43.3490982055664	0.452048480510712	0
NOTE	99	43.7004830986261	0.829267024993896	0
NOTE	100	44.1733856201172	0.133650377392769	0
NOTE	101	44.6474075317383	0.821594834327698	0
NOTE	102	44.8465957641602	0.422638297080994	0
NOTE	103	45.057014465332	0.762774288654327	0.4429856
NOTE	104	45.5199508666992	0.175847753882408	0
NOTE	105	45.8622016906738	0.76021683216095	0
NOTE	106	46.1923484802246	0.51342648267746	0
NOTE	107	46.653812404722	0.843332827091217	0.2250000
NOTE	108	46.653812404722	0.163060835247215	0.2250000
NOTE	109	47.3364791870117	0.597821056842804	0
NOTE	110	47.7839602231979	0.232110894476818	0
NOTE	111	47.7839602231979	0.764052987098694	0
NOTE	112	48.2523384094238	0.51342648267746	0
NOTE	113	49.1543213278055	0.203979343175888	0.2250000
NOTE	114	49.1543213278055	0.746151089668274	0.2250000
NOTE	115	48.5852699428797	0.224438592791557	0
NOTE	116	48.7190399318933	0.357424229383469	0
NOTE	117	48.5852699428797	0.839496731758118	0
NOTE	118	48.7190399318933	0.666871309280396	0
NOTE	119	49.6140556335449	0.563296020030975	0
NOTE	120	50.0565567016602	0.308833301067352	0
NOTE	121	50.5177688598633	0.142601406988497	0
NOTE	122	50.5177688598633	0.852283775806427	0
NOTE	123	51.0261039733887	0.582476556301117	0.2250000
NOTE	124	51.4217338562012	0.239783108234406	0
NOTE	125	51.7878753393888	0.729527950286865	0
NOTE	126	52.2960586547852	0.2819804251194	0.2039413
NOTE	127	52.2960586547852	0.760216891765594	0.2039413
NOTE	128	52.7920951843262	0.407293736934662	0
NOTE	129	53.6975326538086	0.187356173992157	0
NOTE	130	53.2224960327148	0.752544641494751	0
NOTE	131	54.1330680847168	0.72952789068222	0
NOTE	132	54.5963134765625	0.290931403636932	0
NOTE	133	54.9245300292969	0.848447680473328	0
NOTE	134	55.2677307128906	0.646411955356598	0
NOTE	135	55.4291534423828	0.482737481594086	0
NOTE	136	55.7499389648438	0.168175563216209	0
NOTE	137	55.9580345153809	0.352309368550777	0
NOTE	138	56.1578674316406	0.536443173885345	0
NOTE	139	56.4226989746094	0.797299385070801	0.2250000
NOTE	140	56.8306312561035	0.338243573904037	0
NOTE	141	57.3439521789551	0.647690653800964	0
NOTE	142	57.7653045654297	0.215487658977509	0
NOTE	143	58.1404914855957	0.760216891765594	0.3595085
NOTE	144	58.5892333984375	0.16689695417881	0.3513189
NOTE	145	60.0609817504883	0.866349637508392	0
NOTE	146	60.5168037414551	0.58119785785675	0
NOTE	147	60.7363243103027	0.232110857963562	0
NOTE	148	61.1906204223633	0.739757597446442	0
NOTE	149	61.8819770812988	0.264078557491302	0
NOTE	150	62.343189239502	0.757659494876862	0
NOTE	151	62.5661668628454	0.753823399543762	0
NOTE	152	62.7856864929199	0.755102097988129	0
NOTE	153	63.266170501709	0.200143203139305	0
NOTE	154	63.4493898153305	0.1988645195961	0
NOTE	155	63.6856880187988	0.623395264148712	0
NOTE	156	64.0246810913086	0.797299385070801	0
NOTE	157	64.3755722045898	0.225717321038246	0
NOTE	158	65.5073972046375	0.269193381071091	0
NOTE	159	65.8420562744141	0.861234724521637	0
NOTE	160	65.9965667724609	0.608050763607025	0
NOTE	161	66.2177682816982	0.156667143106461	0
NOTE	162	66.427978515625	0.834381878376007	0
NOTE	163	66.573844909668	0.700117617845535	0
NOTE	164	66.7041549682617	0.565853357315063	0
NOTE	165	66.8777618408203	0.205258086323738	0.2472382
NOTE	166	67.3306274414063	0.758938193321228	0
NOTE	167	67.6797409057617	0.196307048201561	0
NOTE	168	68.0012453645468	0.374047368764877	0.2250000
NOTE	169	68.4797439575195	0.748708546161652	0.2250000
NOTE	170	69.1572723388672	0.239783182740211	0
NOTE	171	69.4867435544729	0.815201282501221	0
NOTE	172	69.5790328979492	0.743593692779541	0
NOTE	173	69.6868667602539	0.671986103057861	0
NOTE	174	64.8387680053711	0.665592551231384	0.2250000
NOTE	175	69.877082824707	0.12853567302227	0
NOTE	176	70.0270843505859	0.297324992716312	0
NOTE	177	70.1636352539063	0.466114312410355	0
NOTE	178	70.5155334472656	0.77811872959137	0.4844666
NOTE	179	70.9718551635742	0.172011658549309	0
NOTE	180	71.424430847168	0.614444255828857	0
NOTE	181	71.6519241333008	0.884251475334167	0
NOTE	182	71.9170532226563	0.620837807655334	0
NOTE	183	72.1123352050781	0.147716253995895	0.5143967
NOTE	184	72.8034286499023	0.315226852893829	0
NOTE	185	72.8034286499023	0.686051845507475	0
NOTE	186	73.239013671875	0.664313852787018	0.2250000
NOTE	187	73.6347993984818	0.279423028230667	0.2250000
NOTE	188	74.1077423095703	0.674543559965244	0
NOTE	189	74.2224960327148	0.290931433439255	0
NOTE	190	59.1405868530273	0.826709628105164	0
NOTE	191	59.2931175231934	0.619559109210968	0
NOTE	192	59.4144821166992	0.333128720521927	0.3502253
LINK 67 68
LINK 70 71
LINK 93 94 95
LINK 96 97 98
LINK 115 116
LINK 117 118
LINK 134 135
LINK 136 137 138
LINK 159 160
LINK 162 163 164
LINK 171 172 173
LINK 175 176 177
LINK 181 182
LINK 188 189
LINK 190 191
