VERSION 2
BPM 320
PAGE_SHIFT 0
PAGE_SIZE 0.75
NOTE	0	1.8802490234375	0.863792181015015	0
NOTE	1	2.78914594650269	0.261521190404892	0
NOTE	2	3.68619704246521	0.799856781959534	0
NOTE	3	6.42173337936401	0.220602557063103	0
NOTE	4	7.3306303024292	0.77428263425827	0
NOTE	5	8.23978137969971	0.211651518940926	0
NOTE	6	5.52295398712158	0.587591469287872	0
NOTE	7	9.83454532921314	0.186077475547791	0
NOTE	8	10.0696239471436	0.703953802585602	0
NOTE	9	11.0237159729004	0.197585865855217	0
NOTE	10	11.4296140670776	0.798578023910522	0
NOTE	11	11.6422214508057	0.215487763285637	0
NOTE	12	12.791332244873	0.798578083515167	0
NOTE	13	13.9200048446655	0.348473310470581	0
NOTE	14	13.444712638855	0.775561451911926	0
NOTE	15	14.5022115707397	0.77939760684967	0.4937849
NOTE	16	15.2748098373413	0.239783108234406	0.4751902
NOTE	17	16.4274272918701	0.718019545078278	0
NOTE	18	16.8785190582275	0.26663601398468	0
NOTE	19	17.0375442504883	0.807529032230377	0
NOTE	20	17.343189239502	0.206536740064621	0
NOTE	21	17.7891445159912	0.797299385070801	0
NOTE	22	18.2419675514102	0.211651593446732	0
NOTE	23	18.6861972808838	0.804971635341644	0
NOTE	24	18.9175148010254	0.256406307220459	0
NOTE	25	19.1197509765625	0.673264801502228	0
NOTE	26	19.6175136566162	0.251291543245316	0
NOTE	27	20.079029083252	0.849726378917694	0
NOTE	28	20.5177688598633	0.157945871353149	0
NOTE	29	20.7234620600939	0.756380796432495	0
NOTE	30	20.941255569458	0.225717440247536	0
NOTE	31	21.4286479949951	0.521098613739014	0
NOTE	32	21.8881294056773	0.256406307220459	0
NOTE	33	22.3219871520996	0.851005077362061	0
NOTE	34	22.558744430542	0.218045130372047	0
NOTE	35	22.8266639709473	0.641297161579132	0
NOTE	36	23.2466945648193	0.205258086323738	0
NOTE	37	23.6214790344238	0.784512281417847	0
NOTE	38	24.1261539459229	0.334407418966293	0
NOTE	39	24.3508644104004	0.866349577903748	0
NOTE	40	24.6412553787231	0.203979343175888	0
NOTE	41	25.0575256347656	0.596542358398438	0
NOTE	42	25.5293598175049	0.258963733911514	0
NOTE	43	25.9614906311035	0.619559109210968	0
NOTE	44	26.1758270263672	0.284537881612778	0
NOTE	45	26.4382553100586	0.863792181015015	0
NOTE	46	26.8738441467285	0.256406337022781	0
NOTE	47	27.3301219940186	0.762774288654327	0
NOTE	48	27.7878753393888	0.224438637495041	0
NOTE	49	28.0315971374512	0.839496731758118	0
NOTE	50	74.5920946598053	0.123420672949132	0.2250000
NOTE	51	74.5920946598053	0.876579165458679	0.2250000
NOTE	52	75.4269180297852	0.279423062250444	0.2250000
NOTE	53	75.4269180297852	0.725691795349121	0.2250000
NOTE	54	0.375063508749008	0.802414178848267	0.3640188
NOTE	55	1.12666499614716	0.214208975434303	0.2250000
NOTE	56	28.2563039213419	0.243619322776794	0
NOTE	57	28.7091274261475	0.752544641494751	0
NOTE	58	29.1291542053223	0.289652705192566	0
NOTE	59	29.5869083404541	0.760216891765594	0
NOTE	60	29.768404006958	0.251291424036026	0
NOTE	61	30.0743007659912	0.744872391223907	0
NOTE	62	30.4977874755859	0.292210131883621	0
NOTE	63	30.9745540618896	0.744872391223907	0.4004460
NOTE	64	31.8266658782959	0.297324925661087	0.4233341
NOTE	65	32.7850151062012	0.817758738994598	0
NOTE	66	32.9032287597656	0.592706263065338	0
NOTE	67	33.2592544555664	0.218045145273209	0
NOTE	68	33.7509994506836	0.182241335511208	0
NOTE	69	33.8881301879883	0.420080870389938	0
NOTE	70	34.1733360290527	0.78323358297348	0.2250000
NOTE	71	34.6313438415527	0.219323813915253	0
NOTE	72	35.0600166320801	0.770446598529816	0
NOTE	73	35.462459564209	0.223159998655319	0
NOTE	74	35.8721160888672	0.775561332702637	0
NOTE	75	36.4614894390106	0.287095278501511	0
NOTE	76	37.3116149902344	0.578640460968018	0
NOTE	77	36.8483772277832	0.852283835411072	0.2250000
NOTE	78	37.7920951843262	0.206536740064621	0.2250000
NOTE	79	38.2826881408691	0.258963823318481	0
NOTE	80	38.4866561889648	0.458442121744156	0
NOTE	81	38.7044486999512	0.239783182740211	0
NOTE	82	39.1261568069458	0.8868088722229	0
NOTE	83	39.3278387635946	0.675822198390961	0
NOTE	84	39.5168020427227	0.858677268028259	0
NOTE	85	40.0315933227539	0.345915824174881	0
NOTE	86	40.2787742614746	0.345915824174881	0
NOTE	87	40.4896507263184	0.345915824174881	0
NOTE	88	40.897533416748	0.765331745147705	0
NOTE	89	41.165454864502	0.766610443592072	0
NOTE	90	41.4002304077148	0.234668269753456	0.2250000
NOTE	91	42.0009994506836	0.757659494876862	0
NOTE	92	42.2270851135254	0.927727520465851	0
NOTE	93	42.455249786377	0.762774288654327	0
NOTE	94	42.9099273681641	0.251291543245316	0
NOTE	95	43.1543197631836	0.0863382965326309	0
NOTE	96	43.3572311401367	0.317784249782562	0
NOTE	97	43.7004830986261	0.829267024993896	0
NOTE	98	44.1619987487793	0.221881225705147	0
NOTE	99	44.6474075317383	0.821594834327698	0
NOTE	100	44.853099822998	0.223159968852997	0
NOTE	101	45.057014465332	0.762774288654327	0.4429856
NOTE	102	45.5150735378265	0.234668284654617	0
NOTE	103	45.8622016906738	0.76021683216095	0
NOTE	104	46.1923484802246	0.51342648267746	0
NOTE	105	46.653812404722	0.861234724521637	0.2250000
NOTE	106	46.653812404722	0.123420824790569	0.2250000
NOTE	107	47.3397331237793	0.799856781959534	0
NOTE	108	47.7839602231979	0.250012737698	0
NOTE	109	47.7839602231979	0.742314994335175	0
NOTE	110	48.2471542358398	0.501918137073517	0
NOTE	111	49.1543213278055	0.203979343175888	0.2250000
NOTE	112	49.1543213278055	0.746151089668274	0.2250000
NOTE	113	48.5852699428797	0.224438592791557	0
NOTE	114	48.7190399318933	0.357424229383469	0
NOTE	115	48.5852699428797	0.839496731758118	0
NOTE	116	48.7190399318933	0.666871309280396	0
NOTE	117	49.6140556335449	0.563296020030975	0
NOTE	118	50.0565567016602	0.308833301067352	0
NOTE	119	50.5177688598633	0.163060680031776	0
NOTE	120	50.5177688598633	0.784512281417847	0
NOTE	121	51.0570160523057	0.755102038383484	0.2250000
NOTE	122	51.4217338562012	0.239783108234406	0
NOTE	123	52.0575256347656	0.507032930850983	0
NOTE	124	52.2960586547852	0.2819804251194	0.2039413
NOTE	125	52.2960586547852	0.760216891765594	0.2039413
NOTE	126	52.7920951843262	0.407293736934662	0
NOTE	127	53.6975326538086	0.187356173992157	0
NOTE	128	53.2224960327148	0.752544641494751	0
NOTE	129	54.1330680847168	0.72952789068222	0
NOTE	130	54.5963134765625	0.290931403636932	0
NOTE	131	54.9261568486691	0.749987244606018	0
NOTE	132	55.2400741577148	0.733364045619965	0
NOTE	133	55.401496887207	0.569689571857452	0
NOTE	134	55.7499389648438	0.168175563216209	0
NOTE	135	55.9580345153809	0.352309368550777	0
NOTE	136	56.1578674316406	0.536443173885345	0
NOTE	137	56.4226989746094	0.797299385070801	0.2250000
NOTE	138	56.8306312561035	0.338243573904037	0
NOTE	139	57.3439521789551	0.647690653800964	0
NOTE	140	57.5565567016602	0.637461006641388	0
NOTE	141	57.8189888000488	0.203979283571243	0
NOTE	142	58.1404914855957	0.760216891765594	0.3595085
NOTE	143	58.5898590087891	0.237225815653801	0.5351411
NOTE	144	59.2509994506836	0.719298243522644	0.3740006
NOTE	145	60.0691146850586	0.196307122707367	0
NOTE	146	60.5168037414551	0.755102038383484	0
NOTE	147	60.7363243103027	0.232110857963562	0
NOTE	148	61.1906204223633	0.739757597446442	0
NOTE	149	61.8819770812988	0.264078557491302	0
NOTE	150	62.343189239502	0.757659494876862	0
NOTE	151	62.5661668628454	0.753823399543762	0
NOTE	152	62.7856864929199	0.755102097988129	0
NOTE	153	63.266170501709	0.200143203139305	0
NOTE	154	63.4493898153305	0.1988645195961	0
NOTE	155	63.677554294467	0.1988645195961	0
NOTE	156	64.0246810913086	0.797299385070801	0
NOTE	157	64.3755722045898	0.225717321038246	0
NOTE	158	65.5073972046375	0.269193381071091	0
NOTE	159	65.8420562744141	0.861234724521637	0
NOTE	160	65.9965667724609	0.608050763607025	0
NOTE	161	66.2177682816982	0.156667143106461	0
NOTE	162	66.427978515625	0.834381878376007	0
NOTE	163	66.573844909668	0.700117617845535	0
NOTE	164	66.7041549682617	0.565853357315063	0
NOTE	165	66.8777618408203	0.205258086323738	0.2472382
NOTE	166	67.3306274414063	0.758938193321228	0
NOTE	167	67.6797409057617	0.196307048201561	0
NOTE	168	68.0012453645468	0.374047368764877	0.2250000
NOTE	169	68.4797439575195	0.748708546161652	0.2250000
NOTE	170	69.1572723388672	0.239783182740211	0
NOTE	171	69.4867435544729	0.815201282501221	0
NOTE	172	69.5790328979492	0.743593692779541	0
NOTE	173	69.6868667602539	0.671986103057861	0
NOTE	174	64.8387680053711	0.665592551231384	0.2250000
NOTE	175	69.877082824707	0.12853567302227	0
NOTE	176	70.0270843505859	0.297324992716312	0
NOTE	177	70.1636352539063	0.466114312410355	0
NOTE	178	70.5155334472656	0.77811872959137	0.4844666
NOTE	179	70.9718551635742	0.172011658549309	0
NOTE	180	71.424430847168	0.614444255828857	0
NOTE	181	71.6519241333008	0.884251475334167	0
NOTE	182	71.9170532226563	0.620837807655334	0
NOTE	183	72.1123352050781	0.147716253995895	0.5143967
NOTE	184	72.8034286499023	0.315226852893829	0
NOTE	185	72.8034286499023	0.686051845507475	0
NOTE	186	73.239013671875	0.664313852787018	0.2250000
NOTE	187	73.6347961425781	0.361260265111923	0.2250000
NOTE	188	74.1077423095703	0.674543559965244	0
NOTE	189	74.2224960327148	0.290931433439255	0
NOTE	190	2.20348191261292	0.223159909248352	0
NOTE	191	2.54715323448181	0.686051845550537	0
NOTE	192	3.11751413345337	0.793463289737701	0
NOTE	193	3.44766139984131	0.166896849870682	0
NOTE	194	4.0212254524231	0.359981596469879	0
NOTE	195	4.35482931137085	0.824152290821075	0
NOTE	196	4.60714292526245	0.225717380642891	0
NOTE	197	4.92519044876099	0.798578083515167	0
NOTE	198	5.27404689788818	0.146437495946884	0
NOTE	199	5.84100151062012	0.192470952868462	0
NOTE	200	6.17628383636475	0.813922584056854	0
NOTE	201	6.75330495834351	0.815201282501221	0
NOTE	202	7.08690929412842	0.197585791349411	0
NOTE	203	7.66245555877686	0.20142188668251	0
NOTE	204	7.9995174407959	0.849726378917694	0
NOTE	205	8.56098079681396	0.617001712322235	0
NOTE	206	8.90668487548828	0.485294908285141	0
NOTE	207	9.15035628899932	0.14899481287231	0.2246437
NOTE	208	9.15035628899932	0.852283835411072	0.2246437
NOTE	209	9.47118663787842	0.588870167732239	0
NOTE	210	9.66545486450195	0.382998317480087	0
NOTE	211	10.2815580368042	0.234668329358101	0
NOTE	212	10.4585409164429	0.467392981052399	0
NOTE	213	10.6669673919678	0.816479980945587	0
NOTE	214	10.8404932022095	0.562017261981964	0
NOTE	215	12.0967712402344	0.261521220207214	0
NOTE	216	12.350191116333	0.840775430202484	0
NOTE	217	12.5703859329224	0.508311569690704	0
NOTE	218	13.2355623245239	0.141322731971741	0
NOTE	219	14.1429834365845	0.595263659954071	0
NOTE	220	51.6423110961914	0.890644967556	0
NOTE	221	51.7490005493164	0.546672821044922	0
LINK 65 66
LINK 68 69
LINK 91 92 93
LINK 94 95 96
LINK 113 114
LINK 115 116
LINK 132 133
LINK 134 135 136
LINK 159 160
LINK 162 163 164
LINK 171 172 173
LINK 175 176 177
LINK 181 182
LINK 188 189
LINK 209 210
LINK 211 212
LINK 213 214
LINK 216 217
LINK 220 221
