VERSION 2
BPM 240
PAGE_SHIFT 0
PAGE_SIZE 1
NOTE	0	1.06734895706177	0.631578981876373	0
NOTE	1	1.18939244747162	0.713142514228821	0
NOTE	2	1.35304164886475	0.791628241539001	0
NOTE	3	1.51669108867645	0.867036044597626	0
NOTE	4	2.13104701042175	0.265312373638153	0.6189530
NOTE	5	2.13382053375244	0.5961834192276	0.6161795
NOTE	6	4.16987895965576	0.471529692411423	0.7493176
NOTE	7	5.25596189498901	0.211449682712555	0.7440381
NOTE	8	5.24486684799194	0.726992905139923	0.7551332
NOTE	9	0.595197916030884	0.187896462826071	0
NOTE	10	0.427834659814835	0.099107414484024	0
NOTE	11	0.921556293964386	0.354570659815561	0
NOTE	12	0.759771764278412	0.273570111255374	0
NOTE	13	7.00099992752075	0.0960295423865318	0
NOTE	14	7.1727499961853	0.237611576914787	0
NOTE	15	7.35858869552612	0.120652481913567	0
NOTE	16	7.00099992752075	0.771622061729431	0.4990001
NOTE	17	7.52223873138428	0.232994750142097	0
NOTE	18	7.67756652832031	0.131425052881241	0
NOTE	19	7.81070470809937	0.234533712267876	0
NOTE	20	9.08853054046631	0.11985430336804	0.5717020
NOTE	21	9.08853054046631	0.876851081848145	0.5717020
NOTE	22	8.20802402496338	0.398884117603302	0.2919760
NOTE	23	8.20871162414551	0.593105554580688	0.2912884
NOTE	24	10.3453989028931	0.210902646183968	0
NOTE	25	10.542332649231	0.210902646183968	0
NOTE	26	10.5326099395752	0.738857746124268	0
NOTE	27	10.1581583023071	0.210902646183968	0
NOTE	28	10.3356761932373	0.738857746124268	0
NOTE	29	10.1609315872192	0.738857746124268	0
NOTE	30	3.78574180603027	0.686980605125427	0
NOTE	31	3.98267555236816	0.688519537448883	0
NOTE	32	3.97158050537109	0.285318553447723	0
NOTE	33	3.61099720001221	0.685441672801971	0
NOTE	34	3.60822367668152	0.288396418094635	0
NOTE	35	3.79128897190094	0.286857485771179	0
NOTE	36	10.7359685897827	0.210902646183968	0
NOTE	37	10.7359685897827	0.738857746124268	0
NOTE	38	11.0645751357079	0.465373963117599	0.6854248
NOTE	39	12.0311937332153	0.177809879183769	0.7188063
NOTE	40	12.0311937332153	0.79908480312848	0.7188063
NOTE	41	14.3085641860962	0.285318553447723	0
NOTE	42	14.5193672180176	0.285318553447723	0
NOTE	43	14.7384901046753	0.285318553447723	0
NOTE	44	14.9354248046875	0.285318553447723	0
NOTE	45	14.2862288951874	0.711806773158607	0
NOTE	46	14.519513130188	0.882425367832184	0
NOTE	47	14.946665763855	0.708525652447655	0
NOTE	48	15.1921663284302	0.134502902626991	0.5578337
NOTE	49	15.1755237579346	0.890119969844818	0.4912643
NOTE	50	22.708979202318	0.699285943061113	0
NOTE	51	22.9253297577379	0.865490932017565	0
NOTE	52	22.7089786529541	0.166814401745796	0
NOTE	53	22.9197807312012	0.166814401745796	0
NOTE	54	22.0015359650133	0.23144968226552	0
NOTE	55	22.2459169159411	0.74083723500371	0
NOTE	56	22.5177402496338	0.160658657550812	0
NOTE	57	17.4444282054901	0.0958163514733315	0
NOTE	58	17.6444282531738	0.230620624230587	0
NOTE	59	17.8690986633301	0.110794595744753	0
NOTE	60	17.4343013763428	0.770814659694224	0.3000000
NOTE	61	17.6664717197418	0.904592335224152	0.3000000
NOTE	62	18.1476892232895	0.343798100948334	0.6023102
NOTE	63	18.1338206231594	0.639273643493652	0.6161785
NOTE	64	19.21435546875	0.0883348807692528	0
NOTE	65	19.4140625	0.226839065551758	0
NOTE	66	19.6526012420654	0.0915937945246696	0
NOTE	67	19.8467636108398	0.226839065551758	0
NOTE	68	19.2197571098804	0.773160934448242	0
NOTE	69	19.5750865936279	0.923976600170136	0
NOTE	70	19.8552322387695	0.779316663742065	0
NOTE	71	29.5471324920654	0.642103791236877	0
NOTE	72	29.7329692840576	0.886264264583588	0
NOTE	73	29.9909248352051	0.629473328590393	0
NOTE	74	29.5471324920654	0.365308493375778	0
NOTE	75	29.7329692840576	0.102040238678455	0
NOTE	76	29.9909248352051	0.365308493375778	0
NOTE	77	16.924329996109	0.8454909324646	0
NOTE	78	16.7079792022705	0.679285943508148	0
NOTE	79	16.9160079956055	0.217605426907539	0
NOTE	80	16.7052059173584	0.217605426907539	0
NOTE	81	16.0005360245705	0.211449682712555	0
NOTE	82	16.2449169158936	0.720837235450745	0
NOTE	83	16.5139675140381	0.211449682712555	0
NOTE	84	23.1032609939575	0.362265288829803	0
NOTE	85	23.5057411193848	0.613111734390259	0
NOTE	86	23.8330421447754	0.365343153476715	0
NOTE	87	24.1788959503174	0.145925059914589	0
NOTE	88	24.4992980957031	0.144602656364441	0
NOTE	89	24.7474536895752	0.144602656364441	0
NOTE	90	24.1770780384541	0.825971961021423	0.5729218
NOTE	91	13.3705387115479	0.299162805080414	0
NOTE	92	13.6731662750244	0.125263139605522	0
NOTE	93	13.9311218261719	0.299162805080414	0
NOTE	94	13.3639903962612	0.711603581905365	0
NOTE	95	13.666618347168	0.888581097126007	0
NOTE	96	13.9245738983154	0.734687626361847	0
NOTE	97	21.1031215190887	0.220312088727951	0
NOTE	98	21.1031215190887	0.730759084224701	0
NOTE	99	21.4082024991512	0.220312088727951	0.3000000
NOTE	100	21.4105859398842	0.730759084224701	0.3000000
NOTE	101	26.3559417724609	0.14096799492836	0
NOTE	102	26.6394672393799	0.244115307927132	0
NOTE	103	26.9873447418213	0.381645083427429	0
NOTE	104	26.3559417724609	0.824649640068755	0
NOTE	105	26.6394672393799	0.69637668132782	0
NOTE	106	26.9873447418213	0.535043656826019	0
NOTE	107	27.0792865753174	0.128727376461029	0
NOTE	108	27.3462333679199	0.128727376461029	0
NOTE	109	27.57981300354	0.128727376461029	0
NOTE	110	27.906343460083	0.128727376461029	0
NOTE	111	27.0889255106449	0.792912006378174	0
NOTE	112	27.5798091888428	0.91325056552887	0
NOTE	113	27.9086227416992	0.808780789375305	0
NOTE	114	28.1055736541748	0.318843745614096	0.6277409
NOTE	115	28.1055736541748	0.602486193180084	0.6396580
NOTE	116	25.1364897191525	0.450409948825836	0.8635101
NOTE	117	20.1218795776367	0.576882600784302	0
NOTE	118	20.4340400695801	0.76708414284904	0
NOTE	119	20.6919956207275	0.564261792087514	0
NOTE	120	20.1218795776367	0.395862072706223	0
NOTE	121	20.4340400695801	0.175678342580795	0
NOTE	122	20.6919956207275	0.349578022956848	0
NOTE	123	30.1532440185547	0.492445796728134	0.5967560
NOTE	124	31.2056102752686	0.114519998431206	0.5443897
NOTE	125	31.2056102752686	0.893414487576731	0.5443897
NOTE	126	32.172924041748	0.300148129463196	0
NOTE	127	32.4541702270508	0.399328261613846	0
NOTE	128	32.7234992980957	0.296180963516235	0
NOTE	129	32.1886106262682	0.725797433406115	0
NOTE	130	32.7391858826159	0.721830267459154	0
NOTE	131	32.469856262207	0.824977517127991	0
NOTE	132	34.1198753714561	0.241470515727997	0
NOTE	133	34.1198753714561	0.802168786525726	0
NOTE	134	34.5703464746475	0.249404937028885	0.3000000
NOTE	135	34.5703464746475	0.792912006378174	0.3000000
NOTE	136	35.5917282104492	0.517852425575256	0
NOTE	137	35.8300704956055	0.398836266407226	0
NOTE	138	35.8300704956055	0.646125316619873	0
NOTE	139	33.0009994506836	0.101295962929726	0
NOTE	140	33.4271621704102	0.273208141326904	0
NOTE	141	33.7250938415527	0.390901863574982	0
NOTE	142	33.0009994506836	0.860354483127594	0
NOTE	143	33.4271621704102	0.729436695575714	0
NOTE	144	33.7250938415527	0.578682959079742	0
NOTE	145	36.1485824584961	0.135678395628929	0
NOTE	146	36.4296188354492	0.253372102975845	0
NOTE	147	36.7466201782227	0.381645053625107	0
NOTE	148	36.1485824584961	0.927796840411181	0
NOTE	149	36.4296188354492	0.777043099027027	0
NOTE	150	36.7466201782227	0.619677245616913	0
NOTE	151	37.1531753540039	0.160804003477097	0
NOTE	152	37.3700675964355	0.164771258831024	0
NOTE	153	37.6799125671387	0.266596138477325	0
NOTE	154	37.8705902099609	0.266596138477325	0
NOTE	155	37.117526859045	0.753239870071411	0
NOTE	156	37.252513885498	0.930696189403534	0
NOTE	157	37.4128646850586	0.781010270118713	0
NOTE	158	37.5552139282227	0.930696189403534	0
NOTE	159	37.6799125671387	0.781010270118713	0
NOTE	160	37.8705902099609	0.930696189403534	0
NOTE	161	38.4392547607422	0.314626097679138	0
NOTE	162	38.4392547607422	0.792912006378174	0
NOTE	163	38.8897281885147	0.314626097679138	0
NOTE	164	38.8897281885147	0.792912006378174	0
NOTE	165	39.351001739502	0.129775941371918	0
NOTE	166	39.6440582275391	0.129775941371918	0
NOTE	167	39.920539855957	0.129775941371918	0
NOTE	168	39.3511044979095	0.683152616024017	0
NOTE	169	39.6440582275391	0.848452806472778	0
NOTE	170	39.920539855957	0.683152616024017	0
NOTE	171	40.3800239562988	0.29836431145668	0
NOTE	172	40.6444816589355	0.525562882423401	0
NOTE	173	40.8700523376465	0.728958249092102	0
NOTE	174	41.7846145629883	0.922896206378937	0
NOTE	175	41.7846145629883	0.0916726887226105	0
NOTE	176	42.2271308898926	0.360486686229706	0
NOTE	177	42.2271308898926	0.61438775062561	0
NOTE	178	42.5226776003838	0.242792904376984	0.3000000
NOTE	179	42.5298279523849	0.811425566673279	0.3000000
NOTE	180	43.2866477966309	0.389579474925995	0.4633522
NOTE	181	43.2866477966309	0.5919069647789	0.4633522
NOTE	182	43.8801231384277	0.181962460279465	0
NOTE	183	43.8801231384277	0.798201560974121	0
NOTE	184	45.7943229675293	0.111875213682652	0
NOTE	185	45.7943229675293	0.903993785381317	0
NOTE	186	46.2128257751465	0.246760115027428	0
NOTE	187	46.3772888183594	0.0814599394798279	0
NOTE	188	46.2104415893555	0.713567912578583	0
NOTE	189	46.3749046325684	0.934408962726593	0
NOTE	190	46.566577911377	0.724311053752899	0
NOTE	191	46.7491035461426	0.934572875499725	0
NOTE	192	46.5631942749023	0.241470500826836	0
NOTE	193	46.7514877319336	0.0946839675307274	0
NOTE	194	46.920711517334	0.253372132778168	0
NOTE	195	46.927864074707	0.726791858673096	0
NOTE	196	47.1531715393066	0.386934697628021	0
NOTE	197	47.1531715393066	0.58397251367569	0
NOTE	198	47.3939018249512	0.261306524276733	0
NOTE	199	47.3939018249512	0.72282463312149	0
NOTE	200	47.6370124220848	0.386934697628021	0
NOTE	201	47.6370123624802	0.58397251367569	0
NOTE	202	47.8324546813965	0.261306524276733	0
NOTE	203	47.8324546813965	0.72282463312149	0
NOTE	204	48.3224682211876	0.163448810577393	0.4203796
NOTE	205	48.3224682211876	0.77836549282074	0.4275322
NOTE	206	49.1150398254395	0.33139380812645	0.6349602
NOTE	207	49.1150398254395	0.611350014727108	0.6349602
NOTE	208	50.0272178649902	0.211055308580399	0.5896072
NOTE	209	50.0272178649902	0.743027193862616	0.5896072
NOTE	210	51.3104811906815	0.111543327569962	0
NOTE	211	51.5903053283691	0.113569192588329	0
NOTE	212	51.837222635746	0.111543327569962	0
NOTE	213	51.300947457552	0.893163025379181	0
NOTE	214	51.5932998657227	0.894175946712494	0
NOTE	215	51.8133882284164	0.893163025379181	0
NOTE	216	44.2959671020508	0.181435152888298	0
NOTE	217	44.5807685852051	0.181435152888298	0
NOTE	218	44.7359504699707	0.652445197105408	0
NOTE	219	44.975112080574	0.652445197105408	0
NOTE	220	52.0513297915459	0.338438481092453	0.3000000
NOTE	221	52.0513297915459	0.633199632167816	0.3000000
NOTE	222	52.5789451599121	0.81653904914856	0
NOTE	223	52.8783522844315	0.621044519133193	0
NOTE	224	52.5789451599121	0.15813782783755	0
NOTE	225	52.754207611084	0.259430348873138	0
NOTE	226	52.7450792789459	0.720311164855957	0
NOTE	227	52.8911318778992	0.359709918498993	0
NOTE	228	53.1946754455566	0.109517499804497	0.5553246
NOTE	229	53.1946754455566	0.826668262481689	0
NOTE	230	53.502799987793	0.997852563858032	0
NOTE	231	53.7529144287109	0.79628050327301	0
NOTE	232	61.2353057861328	0.366162270307541	0
NOTE	233	61.5201835632324	0.420306712388992	0
NOTE	234	61.6744689941406	0.314882714405364	0
NOTE	235	61.2353057861328	0.659912943840027	0
NOTE	236	61.5201835632324	0.586004853248596	0
NOTE	237	61.6744689941406	0.677819013595581	0
NOTE	238	57.0873718261719	0.141931042075157	0
NOTE	239	57.3425521850586	0.247275277972221	0
NOTE	240	57.5547370910645	0.395162254571915	0
NOTE	241	57.5547370910645	0.888822734355927	0
NOTE	242	57.8095092773438	0.942141711711884	0
NOTE	243	57.9482574462891	0.723349988460541	0
NOTE	244	58.0641098022461	0.16117662191391	0.4212837
NOTE	245	58.487663269043	0.561281979084015	0.3335342
NOTE	246	59.2001533508301	0.158137872815132	0
NOTE	247	59.470760345459	0.317167073488235	0
NOTE	248	59.6707611083984	0.438766485264566	0
NOTE	249	59.8752365112305	0.323985710744601	0
NOTE	250	59.470760345459	0.70815606101349	0.5292397
NOTE	251	60.5483410954475	0.117620870471001	0
NOTE	252	60.5483410954475	0.905676384618211	0
NOTE	253	55.0814819335938	0.354645311832428	0.4185181
NOTE	254	55.0814819335938	0.655483961105347	0.4185181
NOTE	255	56.1316587030888	0.125724196434021	0
NOTE	256	56.3598657846451	0.125724196434021	0
NOTE	257	56.5935497879982	0.760828137397766	0
NOTE	258	56.852793097496	0.760828137397766	0
NOTE	259	54.4333038330078	0.813057839870453	0
NOTE	260	54.6506309509277	0.811128535397188	0
NOTE	261	54.8706398010254	0.926365614597152	0
NOTE	262	54.4333038330078	0.187512695789337	0
NOTE	263	54.6506309509277	0.190326456974724	0
NOTE	264	54.8706398010254	0.0791296980638894	0
NOTE	265	62.1133995056152	0.130788842789215	0.6292953
NOTE	266	62.1133995056152	0.884405016899109	0.3719940
NOTE	267	62.8564414978027	0.341477304697037	0
NOTE	268	63.3612213134766	0.129775986075401	0
NOTE	269	63.762451171875	0.221952170133591	0
NOTE	270	63.9391326904297	0.372877955436707	0
NOTE	271	64.1576309204102	0.646367609500885	0
NOTE	272	64.3795318603516	0.830719947814941	0
NOTE	273	64.6957855224609	0.845913827419281	0
NOTE	274	93.0778350830078	0.27867596149339	0.5717545
NOTE	275	93.0778350830078	0.745634257793427	0.5717545
NOTE	276	65.1727661192417	0.195616066455841	0
NOTE	277	65.3315982818604	0.403265684843063	0
NOTE	278	65.5086822509766	0.633199632167816	0
NOTE	279	65.7934875488281	0.166241243481636	0
NOTE	280	65.7934875488281	0.854017317295074	0
NOTE	281	66.0805358886719	0.350593596696854	0
NOTE	282	66.0805358886719	0.672703742980957	0
NOTE	283	66.4091567993164	0.350593596696854	0.3408432
NOTE	284	66.4091567993164	0.672703742980957	0.3408432
NOTE	285	67.0741806030273	0.160163715481758	0.6265259
NOTE	286	67.9103317260742	0.896560072898865	0
NOTE	287	67.3571574687958	0.896560072898865	0
NOTE	288	67.6729965209961	0.518739104270935	0
NOTE	289	68.12353515625	0.722078502178192	0
NOTE	290	68.4192810058594	0.722078502178192	0
NOTE	291	68.4192810058594	0.305011987686157	0
NOTE	292	68.1243560910225	0.305011987686157	0
NOTE	293	68.6537964940071	0.305011987686157	0.3000000
NOTE	294	68.6537964940071	0.722078502178192	0.3000000
NOTE	295	69.4082794189453	0.204732432961464	0
NOTE	296	69.7332458496094	0.797293484210968	0
NOTE	297	70.1152277886868	0.245249390602112	0.8847722
NOTE	298	70.1229415237904	0.669664919376373	0
NOTE	299	70.4274139404297	0.760828137397766	0
NOTE	300	70.7373657226563	0.651432275772095	0
NOTE	301	71.0687026977539	0.858069002628326	0.6867752
NOTE	302	72.2265930175781	0.238158941268921	0
NOTE	303	72.5953750610352	0.547101020812988	0
NOTE	304	72.976936340332	0.846926748752594	0
NOTE	305	74.118879109621	0.870224058628082	0
NOTE	306	74.5040893554688	0.503545224666595	0
NOTE	307	74.9002600908279	0.171305865049362	0
NOTE	308	73.1094436645508	0.221952110528946	0
NOTE	309	73.6105117797852	0.0598841235041618	0
NOTE	310	73.8259429931641	0.262469123093652	0
NOTE	311	73.1094436645508	0.636238396167755	0
NOTE	312	73.6105117797852	0.82869416475296	0
NOTE	313	73.8259429931641	0.606863617897034	0
NOTE	314	75.6583908200264	0.288805156946182	0
NOTE	315	75.6583908200264	0.756776452064514	0
NOTE	316	75.8902491927147	0.288805156946182	0
NOTE	317	75.8902491927147	0.756776452064514	0
NOTE	318	75.1563339233398	0.517726182937622	0.3000000
NOTE	319	76.5460815429688	0.284753501415253	0
NOTE	320	76.7414245605469	0.605850636959076	0
NOTE	321	76.9550323486328	0.84895259141922	0
NOTE	322	77.0851346254349	0.187512695789337	0
NOTE	323	77.349853515625	0.428588777780533	0
NOTE	324	77.6383056640625	0.664600312709808	0
NOTE	325	78.3927307128906	0.0933106120796023	0.3000000
NOTE	326	78.3927307128906	0.896560192108154	0.3000000
NOTE	327	79.1198196411133	0.313115388154984	0.6301804
NOTE	328	79.1198196411133	0.629147946834564	0.6301804
NOTE	329	81.9158083796501	0.131801784038544	0
NOTE	330	81.7387237548828	0.245249375700951	0
NOTE	331	81.5543283820152	0.351606488227844	0
NOTE	332	81.5543283820152	0.822616577148438	0.3000000
NOTE	333	82.4748840332031	0.162943989038467	0
NOTE	334	82.6693954467773	0.16091813147068	0
NOTE	335	82.8702239990234	0.16091813147068	0
NOTE	336	82.0987930297852	0.574450016021729	0
NOTE	337	82.274055480957	0.574450016021729	0
NOTE	338	82.4748840332031	0.574450016021729	0
NOTE	339	83.1216477155685	0.748673021793365	0.3783493
NOTE	340	83.1216477155685	0.434666305780411	0.3783493
NOTE	341	84.8016738891602	0.513674437999725	0
NOTE	342	85.0814819335938	0.172318816184998	0
NOTE	343	85.6218776702881	0.74664717912674	0
NOTE	344	85.844612121582	0.480247974395752	0
NOTE	345	85.3808909654617	0.172318816184998	0
NOTE	346	85.3808909654617	0.750698924064636	0
NOTE	347	86.3635171055794	0.268546670675278	0.3864822
NOTE	348	86.3635171055794	0.768931567668915	0.3864822
NOTE	349	87.1056279540062	0.404278606176376	0
NOTE	350	87.3056259155273	0.579514622688293	0
NOTE	351	87.502799987793	0.417446613311768	0
NOTE	352	87.6715850830078	0.585592150688171	0
NOTE	353	87.8971405029297	0.444795668125153	0
NOTE	354	88.1156389117241	0.201693624258041	0
NOTE	355	88.4548034667969	0.196629032492638	0
NOTE	356	88.7337112426758	0.195616081357002	0
NOTE	357	88.0914942324162	0.630160868167877	0
NOTE	358	88.4201124310493	0.792228817939758	0
NOTE	359	88.7337112426758	0.630160868167877	0
NOTE	360	88.2521520256996	0.723349928855896	0
NOTE	361	88.5844192504883	0.723349928855896	0
NOTE	362	89.2165832519531	0.351606488227844	0
NOTE	363	89.2165832519531	0.848952651023865	0
NOTE	364	89.523292183876	0.351606488227844	0.3000000
NOTE	365	89.523292183876	0.848952651023865	0.3000000
NOTE	366	90.1590435504913	0.621044516563416	0.5909576
NOTE	367	90.1590435504913	0.148008556620056	0.5909576
NOTE	368	91.2681121826172	0.333373874425888	0
NOTE	369	91.5721740722656	0.465054094791412	0
NOTE	370	91.7985534667969	0.289818078279495	0
NOTE	371	91.2662887573242	0.887443780899048	0
NOTE	372	91.5721740722656	0.773996242653201	0
NOTE	373	91.7967300415039	0.886309283946707	0
NOTE	374	92.1882476806641	0.105465777218342	0.5617523
NOTE	375	92.1882476806641	0.461002439260483	0
NOTE	376	92.361686706543	0.553178611766736	0
NOTE	377	92.7341253757477	0.461002439260483	0
NOTE	378	92.5661649107933	0.553178611766736	0
NOTE	379	39.5086869597435	0.129775941371918	0
NOTE	380	39.7916637659073	0.129775941371918	0
NOTE	381	40.5095672607422	0.417446613311768	0
NOTE	382	40.7505569458008	0.624083280563354	0
NOTE	383	41.1618121862412	0.0916726887226105	0.3000000
NOTE	384	41.1618121862412	0.922896206378937	0.3000000
NOTE	385	44.445671081543	0.181435152888298	0
NOTE	386	44.8619213104248	0.652445197105408	0
NOTE	387	45.3535061478615	0.469105780124664	0
NOTE	388	51.4502659440041	0.111543327569962	0
NOTE	389	51.7241144180298	0.111543327569962	0
NOTE	390	51.4575685560703	0.893163025379181	0
NOTE	391	51.7186374664307	0.893163025379181	0
NOTE	392	54.0604580938816	0.368826221667398	0
NOTE	393	54.2065124511719	0.368826221667398	0
NOTE	394	54.0604580938816	0.631905198097229	0
NOTE	395	54.2065124511719	0.631905198097229	0
NOTE	396	55.7314170598984	0.354645311832428	0
NOTE	397	55.9158083796501	0.354645311832428	0
NOTE	398	55.7441966533661	0.655483961105347	0
NOTE	399	55.9231110215187	0.655483961105347	0
NOTE	400	60.7085684537888	0.177383422851563	0
NOTE	401	60.7085684537888	0.845913827419281	0
NOTE	402	60.8509674072266	0.237146019935608	0
NOTE	403	60.8509674072266	0.76893162727356	0
NOTE	404	60.4109841585159	0.177383422851563	0
NOTE	405	60.4109841585159	0.845913827419281	0
NOTE	406	61.8318290710449	0.420306712388992	0
NOTE	407	61.8318290710449	0.586004853248596	0
NOTE	408	64.9385986328125	0.714233696460724	0
NOTE	409	72.4091567993164	0.389084726572037	0
NOTE	410	72.7961959838867	0.710181951522827	0
NOTE	411	74.6939609050751	0.346541881561279	0
NOTE	412	74.2813625335693	0.6838458776474	0
NOTE	413	77.2129305899143	0.306024879217148	0
NOTE	414	77.4995574951172	0.55115270614624	0
NOTE	415	84.9130397439003	0.362748682498932	0
LINK 45 46 47
LINK 54 55 56
LINK 57 58 59
LINK 68 69 70
LINK 71 72 73
LINK 74 75 76
LINK 81 82 83
LINK 84 85 86
LINK 91 92 93
LINK 94 95 96
LINK 101 102 103
LINK 104 105 106
LINK 111 112 113
LINK 117 118 119
LINK 120 121 122
LINK 139 140 141
LINK 142 143 144
LINK 145 146 147
LINK 148 149 150
LINK 155 156 157 158 159 160
LINK 168 169 170
LINK 229 230 231
LINK 232 233 234 406
LINK 235 236 237 407
LINK 238 239 240
LINK 241 242 243
LINK 247 248 249
LINK 259 260 261
LINK 262 263 264
LINK 268 269 270
LINK 271 272 273 408
LINK 298 299 300
LINK 308 309 310
LINK 311 312 313
LINK 349 350 351 352 353
LINK 354 355 356
LINK 368 369 370
LINK 371 372 373
