VERSION 2
BPM 360
PAGE_SHIFT 0
PAGE_SIZE 0.666666666666667
NOTE	0	0.751324834962432	0.163220494863925	0.4368523
NOTE	1	0.751324834962432	0.873702108860016	0.4247527
NOTE	2	1.58999609947205	0.364616900682449	0.3992881
NOTE	3	1.58999609947205	0.687969923019409	0.3992881
NOTE	4	2.50545656681061	0.197905480861664	0
NOTE	5	3.11557912826538	0.768528461456299	0
NOTE	6	3.96650838851929	0.237065851688385	0
NOTE	7	4.16658782958984	0.788668096065521	0
NOTE	8	4.81720095872879	0.313148885965347	0.3494657
NOTE	9	4.82661179701487	0.743913292860231	0.3400548
NOTE	10	3.57528686523438	0.169933721423149	0
NOTE	11	3.57528686523438	0.879296481609344	0
NOTE	12	4.41664696981451	0.108395919203758	0
NOTE	13	4.41664696981451	0.916219115257263	0
NOTE	14	2.76200103759766	0.761815249919891	0
NOTE	15	3.3548047542572	0.343358367681503	0
NOTE	16	5.9032423098882	0.187835663557053	0
NOTE	17	6.16666682561239	0.720417082309723	0
NOTE	18	6.52293395996094	0.152031941968382	0
NOTE	19	6.52293395996094	0.856919050216675	0
NOTE	20	6.72839117050171	0.417203724384308	0
NOTE	21	7.001305103302	0.681256711483002	0
NOTE	22	7.41799167792002	0.206856429576874	0
NOTE	23	7.65595102310181	0.872583270072937	0
NOTE	24	7.93693161010742	0.156507313251495	0
NOTE	25	7.93693161010742	0.872583270072937	0
NOTE	26	8.27817344665527	0.253848875314759	0.3884932
NOTE	27	8.27817344665527	0.743913352489471	0.3884932
NOTE	28	8.68813800811768	0.515664160251617	0
NOTE	29	8.90861988067627	0.515664160251617	0
NOTE	30	9.11431407928467	0.515664160251617	0
NOTE	31	9.34665966033936	0.278463989496231	0.4503355
NOTE	32	9.34531527757645	0.677900075912476	0
NOTE	33	9.65318393707275	0.874820947647095	0
NOTE	34	9.98390704345427	0.633145332336426	0
NOTE	35	10.2016210616118	0.111752606624735	0
NOTE	36	10.5081453323364	0.474265873432159	0
NOTE	37	11.0456714630127	0.187835652161105	0
NOTE	38	11.0456714630127	0.79873788356781	0
NOTE	39	10.2016210616118	0.657760441303253	0
NOTE	40	10.8386325836182	0.71817934513092	0
NOTE	41	11.3323335647583	0.175528094172478	0
NOTE	42	11.3323335647583	0.853562355041504	0
NOTE	43	11.653263092041	0.388113111257553	0.3467369
NOTE	44	11.653263092041	0.655522644519806	0.3467369
NOTE	45	12.3930010795593	0.202380955219269	0
NOTE	46	12.4569788115316	0.0837808772921562	0
NOTE	47	12.5207195437169	0.251611113548279	0
NOTE	48	12.3741794029872	0.792024672031403	0
NOTE	49	12.4569788115316	0.930764377117157	0
NOTE	50	12.5207195437169	0.770766139030457	0
NOTE	51	12.6021747768573	0.131892219185829	0
NOTE	52	12.6021747768573	0.922932326793671	0
NOTE	53	12.6425066185745	0.750626564025879	0
NOTE	54	12.6425066185745	0.279582858085632	0
NOTE	55	12.7849349975586	0.419441431760788	0
NOTE	56	13.0591926574707	0.597341597080231	0
NOTE	57	13.3294191360474	0.312030047178268	0
NOTE	58	13.5644521713257	0.87482100725174	0
NOTE	59	13.825267791748	0.266156375408173	0
NOTE	60	13.825267791748	0.806569993495941	0
NOTE	61	14.1895217895508	0.665592551231384	0
NOTE	62	14.42613697052	0.244897931814194	0
NOTE	63	14.6813373565674	0.234828114509583	0
NOTE	64	14.6813373565674	0.784192596173739	0
NOTE	65	15.0886917114258	0.2504922747612	0.2000000
NOTE	66	15.0886917114258	0.80768883228302	0.2000000
NOTE	67	16.2042310237885	0.139724284410477	0
NOTE	68	16.3185043334961	0.647690653800964	0
NOTE	69	16.4502569039663	0.149794101715088	0
NOTE	70	16.594108581543	0.877058684825897	0
NOTE	71	16.8145141601563	0.253848969936371	0.2000000
NOTE	72	16.8145141601563	0.76740962266922	0.2000000
NOTE	73	17.4595895844575	0.18559792637825	0
NOTE	74	17.4595895844575	0.832304000854492	0
NOTE	75	17.5953743535888	0.18559792637825	0
NOTE	76	17.5953743535888	0.832304000854492	0
NOTE	77	17.905931631724	0.133011072874069	0
NOTE	78	18.0739040374756	0.894960582256317	0
NOTE	79	18.3468170166016	0.233709171414375	0
NOTE	80	18.3468170166016	0.815520942211151	0
NOTE	81	18.7794795234998	0.800975680351257	0
NOTE	82	18.9166088104248	0.328813076019287	0
NOTE	83	19.2016220092773	0.257205456495285	0
NOTE	84	19.2016220092773	0.811045467853546	0
NOTE	85	19.6156195203463	0.783073723316193	0
NOTE	86	19.8320693969727	0.182241320610046	0
NOTE	87	20.0308017730713	0.730486929416656	0
NOTE	88	20.4636993546396	0.0904940601847777	0.2000000
NOTE	89	20.4636993546396	0.910624802112579	0.2000000
NOTE	90	20.1921310424805	0.428392380475998	0
NOTE	91	20.8190994262695	0.286296129226685	0
NOTE	92	20.9416770935059	0.427273601293564	0
NOTE	93	21.0000400543213	0.658879399299622	0
NOTE	94	21.1196918487549	0.787549197673798	0
NOTE	95	21.3762359619141	0.23147152364254	0
NOTE	96	21.5335311889648	0.883771955966949	0
NOTE	97	21.7714920043945	0.231471553444862	0
NOTE	98	21.7714920043945	0.81216436624527	0
NOTE	99	22.1209583282471	0.849086940288544	0
NOTE	100	22.3306827545166	0.118465811014175	0
NOTE	101	22.5632667541504	0.21133191883564	0
NOTE	102	22.5632667541504	0.860275685787201	0
NOTE	103	23.3343334197998	0.156507313251495	0.2000000
NOTE	104	23.3343334197998	0.886009693145752	0.2000000
NOTE	105	23.6720848083496	0.536922633647919	0
NOTE	106	23.9046669006348	0.172171458601952	0.0953331
NOTE	107	23.9046669006348	0.880415260791779	0.0953331
NOTE	108	24.3816923300425	0.254967749118805	0.2000000
NOTE	109	24.5309211413066	0.747269928455353	0
NOTE	110	24.8010690609614	0.0826620161533356	0
NOTE	111	24.9758415619532	0.755102038383484	0
NOTE	112	25.2191786135985	0.195667743682861	0
NOTE	113	25.2191786135985	0.79873788356781	0
NOTE	114	25.6451172828674	0.792024672031403	0
NOTE	115	25.810478925705	0.307554572820663	0
NOTE	116	25.9960060119629	0.128535598516464	0
NOTE	117	25.9960060119629	0.830066204071045	0
NOTE	118	26.5054565668106	0.16993373632431	0
NOTE	119	26.6676654815674	0.689088761806488	0
NOTE	120	26.89699614048	0.740556716918945	0
NOTE	121	27.1029262542725	0.66559249162674	0
NOTE	122	27.2642555236816	0.882653057575226	0
NOTE	123	27.3722824267233	0.229233741760254	0.2000000
NOTE	124	27.3722824267233	0.730486869812012	0.2000000
NOTE	125	28.1934758027395	0.219163954257965	0
NOTE	126	28.397825161616	0.872583270072937	0
NOTE	127	28.6438510609821	0.247135668992996	0
NOTE	128	28.6438510609821	0.793143570423126	0
NOTE	129	28.8293018341064	0.24266017973423	0
NOTE	130	28.8293018341064	0.799856722354889	0
NOTE	131	29.044406135877	0.865869998931885	0
NOTE	132	29.274299621582	0.366854637861252	0
NOTE	133	29.4797554016113	0.218045070767403	0.2000000
NOTE	134	29.4797554016113	0.786430358886719	0.2000000
NOTE	135	30.1370899478594	0.266156435012817	0.2000000
NOTE	136	30.1357455253601	0.792024672031403	0.2000000
NOTE	137	30.5605771541595	0.52909055352211	0
NOTE	138	30.7283916473389	0.201261999023524	0.2000000
NOTE	139	30.7283916473389	0.863632202148438	0.2000000
NOTE	140	31.1989334980329	0.219163954257965	0
NOTE	141	31.1989334980329	0.816639840602875	0
NOTE	142	31.332332611084	0.212450742721558	0
NOTE	143	31.332332611084	0.809926629066467	0
NOTE	144	88.2166137695313	0.20224130153656	0
NOTE	145	88.3512878417969	0.345456480979919	0
NOTE	146	88.5018615722656	0.213430017232895	0
NOTE	147	88.2166137695313	0.756081265578217	0
NOTE	148	88.3512878417969	0.883632309445186	0
NOTE	149	88.5018615722656	0.719158641516501	0
NOTE	150	32.0012260874112	0.28853378490443	0.1654431
NOTE	151	32.0079481005669	0.841254889965057	0.1587178
NOTE	152	89.0660552978516	0.268030762672424	0
NOTE	153	89.1770858764648	0.120563864707947	0
NOTE	154	89.2625732421875	0.415497660636902	0
NOTE	155	89.0660552978516	0.710431396961212	0
NOTE	156	89.1770858764648	0.85789829492569	0
NOTE	157	89.2625732421875	0.562964498996735	0
NOTE	158	32.8938331604004	0.306435734033585	0.3172388
NOTE	159	32.8938331604004	0.751745402812958	0.3172388
NOTE	160	33.3426284790039	0.192311137914658	0
NOTE	161	33.5510109265645	0.784192562103271	0
NOTE	162	33.7714931170146	0.174409240484238	0
NOTE	163	33.9274444580078	0.88824737071991	0
NOTE	164	34.1747360229492	0.320981025695801	0.2000000
NOTE	165	34.1747360229492	0.734962403774261	0.2000000
NOTE	166	91.6641464233398	0.205597788095474	0
NOTE	167	91.7872848510742	0.34321865439415	0
NOTE	168	91.9225158691406	0.160843029618263	0
NOTE	169	91.6641464233398	0.723633885383606	0
NOTE	170	91.7872848510742	0.854541540145874	0
NOTE	171	91.9225158691406	0.67999804019928	0
NOTE	172	35.3467406833194	0.306435704231262	0.2000000
NOTE	173	35.3467406833194	0.822234153747559	0.2000000
NOTE	174	92.4975967407227	0.145178958773613	0
NOTE	175	92.5911560058594	0.399535137048051	0
NOTE	176	92.4975967407227	0.908247470855713	0
NOTE	177	92.5911560058594	0.653891315322489	0
NOTE	178	36.1302909851074	0.207975268363953	0.2000000
NOTE	179	36.1302909851074	0.792024672031403	0.2000000
NOTE	180	37.0000408192487	0.150912970304489	0
NOTE	181	37.0000408192487	0.859156847000122	0
NOTE	182	37.1963237681882	0.344477236270905	0
NOTE	183	37.1963237681882	0.684613287448883	0
NOTE	184	37.3132868800546	0.144199758768082	0
NOTE	185	37.3132868800546	0.87034547328949	0
NOTE	186	37.6115074157715	0.312030047178268	0.2447203
NOTE	187	37.6115074157715	0.719298183917999	0.2447203
NOTE	188	38.102135459582	0.209094166755676	0
NOTE	189	38.2446422378222	0.75398313999176	0
NOTE	190	38.5014228970236	0.224758267402649	0
NOTE	191	38.5014228970236	0.803213357925415	0
NOTE	192	38.6656684875488	0.226996019482613	0
NOTE	193	38.6656684875488	0.804332196712494	0
NOTE	194	38.8682101627651	0.171052575847643	0.2000000
NOTE	195	38.8682101627651	0.726011455059052	0
NOTE	196	39.1142349243164	0.868107736110687	0
NOTE	197	39.2876625061035	0.635383069515228	0
NOTE	198	39.528235177199	0.271750748157501	0
NOTE	199	39.7608184814453	0.50895094871521	0
NOTE	200	40.2001991271973	0.251611143350601	0
NOTE	201	40.440845489502	0.529090523719788	0
NOTE	202	40.6142768859863	0.210213050246239	0
NOTE	203	40.8239212036133	0.819996356964111	0
NOTE	204	41.0457496643066	0.87034547328949	0
NOTE	205	41.2514443397522	0.307554572820663	0.0818890
NOTE	206	41.2514443397522	0.712585031986237	0.0818890
NOTE	207	41.9072779417038	0.221401691436768	0
NOTE	208	42.0658378601074	0.778598248958588	0
NOTE	209	42.3642959594727	0.341120606435698	0.2000000
NOTE	210	42.3642959594727	0.813283145427704	0.2000000
NOTE	211	42.792923549811	0.586152851581573	0
NOTE	212	42.9797956546148	0.180003553628922	0
NOTE	213	43.2110331220736	0.166577160358429	0
NOTE	214	43.2110331220736	0.796500205993652	0
NOTE	215	43.8401368610105	0.109514863056534	0
NOTE	216	43.8401368610105	0.901673853397369	0
NOTE	217	43.9947432874067	0.230352626147127	0
NOTE	218	43.9947432874067	0.787549197673798	0
NOTE	219	44.2136421203613	0.39930185675621	0
NOTE	220	44.2136421203613	0.637620866298676	0
NOTE	221	44.4852104187012	0.394826322793961	0.1814563
NOTE	222	44.4852104187012	0.639858603477478	0.1639780
NOTE	223	44.9011084834735	0.203499794006348	0
NOTE	224	45.0027275085449	0.374686717987061	0
NOTE	225	45.1215896606445	0.845730364322662	0
NOTE	226	45.2379989624023	0.623075544834137	0
NOTE	227	45.5604217648506	0.222520530223846	0
NOTE	228	45.7607383728027	0.221401691436768	0
NOTE	229	45.8513679504395	0.74503219127655	0
NOTE	230	45.9852523803711	0.863632202148438	0
NOTE	231	46.4138221740723	0.873702049255371	0
NOTE	232	46.2040977478027	0.873702049255371	0
NOTE	233	46.6845817565918	0.183360189199448	0
NOTE	234	46.8050270080566	0.352309346199036	0
NOTE	235	46.930606842041	0.163220465183258	0
NOTE	236	46.6845817565918	0.724892556667328	0
NOTE	237	46.8050270080566	0.871464312076569	0
NOTE	238	46.930606842041	0.708109498023987	0
NOTE	239	47.0314407348633	0.324337750673294	0
NOTE	240	47.1545639038086	0.207975313067436	0
NOTE	241	47.0314407348633	0.875939846038818	0
NOTE	242	47.1545639038086	0.713703989982605	0
NOTE	243	47.6949424743652	0.519020736217499	0
NOTE	244	47.9100458793853	0.195667626722273	0
NOTE	245	47.9100458793853	0.85691899061203	0
NOTE	246	48.0765151977539	0.315386652946472	0
NOTE	247	48.0765151977539	0.741675615310669	0
NOTE	248	48.3413619995117	0.350295367382479	0
NOTE	249	48.3413619995117	0.707885801792145	0
NOTE	250	48.4919357299805	0.437790896004856	0
NOTE	251	48.4919357299805	0.629341125488281	0
NOTE	252	48.7809030214945	0.184479027986526	0.2000000
NOTE	253	48.7822474439939	0.850205911638012	0.2000000
NOTE	254	49.8319892883301	0.156507313251495	0
NOTE	255	49.9990005493164	0.790905773639679	0
NOTE	256	50.2621192932129	0.294680643035141	0
NOTE	257	50.2621192932129	0.773343683023661	0
NOTE	258	50.4987335205078	0.289652653250157	0.1652433
NOTE	259	50.4987335205078	0.77636045217514	0.1679332
NOTE	260	50.9058534574266	0.155388474464417	0.2000000
NOTE	261	50.9058534574266	0.863632330819073	0.2000000
NOTE	262	51.3496932983398	0.367973506450653	0
NOTE	263	51.3362083435059	0.681256711483002	0
NOTE	264	51.5287895202637	0.352309316396713	0
NOTE	265	51.6492309570313	0.540279269218445	0
NOTE	266	51.7320289611816	0.32433757185936	0
NOTE	267	51.8159408569336	0.524615108966827	0
NOTE	268	51.9068031311035	0.329931974411011	0
NOTE	269	51.9968795776367	0.505594313144684	0
NOTE	270	52.0267697374026	0.788668096065521	0.1398967
NOTE	271	52.4139595031738	0.221401631832123	0
NOTE	272	52.5215110778809	0.652166068553925	0
NOTE	273	52.6277182102203	0.22363942861557	0
NOTE	274	52.6814171671867	0.831185102462769	0
NOTE	275	52.8535008231799	0.315386652946472	0
NOTE	276	53.033650914828	0.692445397377014	0.2000000
NOTE	277	53.3343315124512	0.337764024734497	0.3323368
NOTE	278	53.6295394897461	0.655522704124451	0
NOTE	279	53.7010307312012	0.909505844116211	0
NOTE	280	53.8139610290527	0.663354814052582	0
NOTE	281	53.9333724975586	0.875939905643463	0
NOTE	282	53.9860420227051	0.663354694843292	0
NOTE	283	54.0618033409119	0.156507313251495	0.2000000
NOTE	284	54.5672988891602	0.146437540650368	0
NOTE	285	54.5619201660156	0.866988897945322	0
NOTE	286	54.7646910776106	0.34895271062851	0
NOTE	287	54.7646910776106	0.668949127197266	0
NOTE	288	54.9717292785645	0.348952680826187	0
NOTE	289	54.9717292785645	0.661117076873779	0
NOTE	290	55.1935577392578	0.164339405484498	0.1397756
NOTE	291	55.1935577392578	0.83006626367569	0.1397756
NOTE	292	55.6371307463586	0.323218762874603	0.2000000
NOTE	293	55.6371307463586	0.662235915660858	0.2000000
NOTE	294	56.6975517272949	0.166577130556107	0
NOTE	295	56.6975517272949	0.732724666595459	0
NOTE	296	56.9220657348633	0.327694177627563	0
NOTE	297	56.9220657348633	0.855800151824951	0
NOTE	298	57.1398582458496	0.250492304563522	0
NOTE	299	57.1398582458496	0.839017152786255	0
NOTE	300	57.3493499755859	0.197905391454697	0.4006340
NOTE	301	57.3493499755859	0.811045467853546	0.4006340
NOTE	302	58.1733894348145	0.117346882820129	0
NOTE	303	58.3562277555466	0.883771896362305	0
NOTE	304	58.4731908639272	0.372821897268295	0
NOTE	305	58.6143532594045	0.628296907075743	0
NOTE	306	58.7794795234998	0.230352640151978	0.2000000
NOTE	307	59.0510482788086	0.844611525535584	0
NOTE	308	59.2674980163574	0.472028225660324	0
NOTE	309	59.4879035949707	0.197905540466309	0
NOTE	310	59.4879035949707	0.811045467853546	0
NOTE	311	59.8939094543457	0.183360204100609	0
NOTE	312	60.3427047831626	0.192932695150375	0
NOTE	313	60.1141559878985	0.840136051177979	0
NOTE	314	60.4744529724121	0.192932695150375	0
NOTE	315	60.3427047831626	0.798489252049414	0
NOTE	316	60.4744529724121	0.798489272594452	0
NOTE	317	64.209342956543	0.894820988178253	0.2000000
NOTE	318	64.5319976806641	0.646432101726532	0.2000000
NOTE	319	68.1341934204102	0.72908878326416	0
NOTE	320	68.2156524658203	0.922653019428253	0
NOTE	321	68.3159255981445	0.732445418834686	0
NOTE	322	68.3810119628906	0.90363222360611	0
NOTE	323	68.4812850952148	0.74699068069458	0
NOTE	324	68.5969085693359	0.898037910461426	0
NOTE	325	62.4772240718206	0.166577160358429	0
NOTE	326	62.6656684875488	0.87034547328949	0
NOTE	327	62.8991279602051	0.221401736140251	0
NOTE	328	62.8991279602051	0.853562474250793	0
NOTE	329	62.0698697587809	0.366854608058929	0
NOTE	330	62.0698697587809	0.647690653800964	0
NOTE	331	62.23388671875	0.202380955219269	0
NOTE	332	62.23388671875	0.806569993495941	0
NOTE	333	63.2809410095215	0.831185162067413	0
NOTE	334	63.4959678649902	0.201262056827545	0
NOTE	335	63.7419929504395	0.194548845291138	0
NOTE	336	63.7419929504395	0.871464431285858	0
NOTE	337	63.8898811340332	0.194548845291138	0
NOTE	338	63.8898811340332	0.871464431285858	0
NOTE	339	61.1008710861206	0.373567819595337	0.2000000
NOTE	340	60.7782142162323	0.125178962945938	0.2000000
NOTE	341	61.4211573004723	0.614124596118927	0
NOTE	342	61.502613067627	0.80768883228302	0
NOTE	343	61.6028861999512	0.617481231689453	0
NOTE	344	61.6679763793945	0.788668036460876	0
NOTE	345	61.7682495117188	0.632026493549347	0
NOTE	346	61.8838691711426	0.783073723316193	0
NOTE	347	66.0009994506836	0.156507343053818	0
NOTE	348	66.1720444361369	0.77188503742218	0
NOTE	349	66.3858046531677	0.216926217079163	0
NOTE	350	66.3844602108002	0.758458614349365	0
NOTE	351	65.4036800662677	0.694683134555817	0
NOTE	352	65.5074310302734	0.816639840602875	0
NOTE	353	65.6028823852539	0.628669917583466	0
NOTE	354	65.7827987670898	0.401539534330368	0
NOTE	355	65.8723220825195	0.307554572820663	0
NOTE	356	66.7055358886719	0.842373788356781	0
NOTE	357	66.9152603149414	0.253848940134048	0
NOTE	358	67.1290283203125	0.24377903342247	0
NOTE	359	67.1290283203125	0.817758560180664	0
NOTE	360	67.2607803344727	0.241541281342506	0
NOTE	361	67.2607803344727	0.815520823001862	0
NOTE	362	67.6425095001857	0.159863948822021	0.2000000
NOTE	363	67.9221496582031	0.391469717025757	0.1504523
NOTE	364	64.8294296264648	0.121682770550251	0
NOTE	365	64.910888671875	0.315246999263763	0
NOTE	366	65.0111618041992	0.125039398670197	0
NOTE	367	65.0762481689453	0.29622620344162	0
NOTE	368	65.1765213012695	0.13958466053009	0
NOTE	369	65.2921447753906	0.290631890296936	0
NOTE	370	69.3668276270231	0.199024349451065	0
NOTE	371	69.4958877563477	0.823353052139282	0
NOTE	372	69.7459487915039	0.202380940318108	0
NOTE	373	69.7459487915039	0.822234153747559	0
NOTE	374	70.24195343256	0.809926569461823	0
NOTE	375	70.3844602108002	0.235946983098984	0
NOTE	376	70.5982204456594	0.221401691436768	0
NOTE	377	70.5982204456594	0.808807730674744	0
NOTE	378	70.8077163738326	0.200143232941628	0
NOTE	379	70.8077163738326	0.849086999893188	0
NOTE	380	71.0698745370868	0.20349982380867	0.2000000
NOTE	381	71.0698745370868	0.847968067631381	0.2000000
NOTE	382	71.5349578857422	0.400420695543289	0.2000000
NOTE	383	71.5349578857422	0.656641602516174	0.2000000
NOTE	384	74.0009994507134	0.209094062447548	0
NOTE	385	74.0009994507134	0.836779475212097	0
NOTE	386	74.1733932495117	0.802094519138336	0
NOTE	387	74.1733932495117	0.249373478191558	0
NOTE	388	74.4933569431305	0.765171885490417	0
NOTE	389	74.6676635742188	0.246016815304756	0
NOTE	390	74.9166125133618	0.261680960655212	0
NOTE	391	74.9166125133618	0.808807730674744	0
NOTE	392	75.3343353271484	0.802094459533691	0
NOTE	393	75.5053803126017	0.305316835641861	0
NOTE	394	75.7715722850433	0.211331903934479	0
NOTE	395	75.7715722850433	0.83454167842865	0
NOTE	396	76.1760025024414	0.44181877374649	0
NOTE	397	76.3736190795898	0.866988837718964	0
NOTE	398	76.6411622365316	0.137486547231674	0
NOTE	399	76.8037617007891	0.723773717880249	0
NOTE	400	77.0403747558594	0.734962403774261	0.2000000
NOTE	401	77.0403747558594	0.278463959693909	0.2000000
NOTE	402	78.126335144043	0.816639840602875	0
NOTE	403	78.3459014892578	0.258324384689331	0
NOTE	404	78.3741302490234	0.80321341753006	0
NOTE	405	77.9045890967051	0.24825456738472	0
NOTE	406	78.7445288499196	0.742794454097748	0
NOTE	407	78.8964464465777	0.254967749118805	0
NOTE	408	79.2029724121094	0.279582858085632	0
NOTE	409	79.2029724121094	0.796500146389008	0
NOTE	410	79.8495483398438	0.209228342253803	0.1504523
NOTE	411	79.8522338867188	0.860275566577911	0.1477635
NOTE	412	80.2243957519531	0.521258473396301	0
NOTE	413	80.4690780639648	0.299722492694855	0.1948993
NOTE	414	80.4690780639648	0.732724606990814	0.2000000
NOTE	415	81.0672648350398	0.796500205993652	0
NOTE	416	80.9301452636719	0.221401736140251	0.2000000
NOTE	417	81.3372507691383	0.261680960655212	0
NOTE	418	81.4999237060547	0.833422839641571	0
NOTE	419	81.770149230957	0.213569617979935	0
NOTE	420	81.770149230957	0.847968101501465	0
NOTE	421	82.2258206009865	0.732724666595459	0
NOTE	422	82.4019374847412	0.287414968013763	0
NOTE	423	82.6347427368164	0.251611143350601	0
NOTE	424	82.6347427368164	0.840136051177979	0
NOTE	425	83.0550860961278	0.765171885490417	0
NOTE	426	83.2177588939667	0.271750748157501	0
NOTE	427	83.3830413818359	0.635383129119873	0
NOTE	428	83.5209579467773	0.85244357585907	0
NOTE	429	83.7347183227539	0.640977442264557	0
NOTE	430	83.9154234900699	0.280701756477356	0.08726534
NOTE	431	83.9154234900699	0.737200140953064	0.08457652
NOTE	432	84.3271252809105	0.276226282119751	0
NOTE	433	84.4202529921104	0.440699934959412	0
NOTE	434	84.5599441695197	0.29300931096077	0
NOTE	435	84.3736892707134	0.679018974304199	0
NOTE	436	84.4668167169766	0.793143570423126	0
NOTE	437	84.5599441695197	0.659998178482056	0
NOTE	438	84.8010728756587	0.174409240484238	0
NOTE	439	84.9906338055929	0.806569933891296	0
NOTE	440	85.2017052173615	0.206856429576874	0
NOTE	441	85.2043940226237	0.777479410171509	0
NOTE	442	85.633019566536	0.749507665634155	0
NOTE	443	85.8212360541026	0.280701756477356	0
NOTE	444	86.0765917721368	0.235946983098984	0
NOTE	445	86.0765917721368	0.78083598613739	0
NOTE	446	86.4852904876073	0.231471508741379	0.1813762
NOTE	447	86.7714168826739	0.587271749973297	0
NOTE	448	86.9233345190684	0.787549197673798	0
NOTE	449	87.0954208374023	0.628669917583466	0
NOTE	450	87.2473373413086	0.835660576820374	0
NOTE	451	87.8846282958984	0.276226282119751	0
NOTE	452	87.8846282958984	0.787611067295074	0
NOTE	453	87.6629257202148	0.276226282119751	0
NOTE	454	87.6629257202148	0.787611067295074	0
NOTE	455	31.6511268615723	0.765171885490417	0
NOTE	456	31.8422698974609	0.869226694107056	0
NOTE	457	31.9847774699761	0.656641602516174	0
NOTE	458	31.6511268615723	0.158745046189881	0
NOTE	459	31.8422698974609	0.294128149747849	0
NOTE	460	31.9847774699761	0.108396016061306	0
NOTE	461	32.4642544725812	0.279359083312745	0
NOTE	462	32.5752868823793	0.131892187318446	0
NOTE	463	32.6607742506496	0.426825979307043	0
NOTE	464	32.4642544725812	0.721759738508112	0
NOTE	465	32.5752868823793	0.869226634502411	0
NOTE	466	32.6607742506496	0.574292842513813	0
NOTE	467	88.6693267822266	0.297484755516052	0.2000000
NOTE	468	88.6693267822266	0.714822769165039	0.2000000
NOTE	469	89.3343353271484	0.318743288516998	0.2000000
NOTE	470	89.3343353271484	0.724892556667328	0.2000000
NOTE	471	89.9139999548594	0.182241290807724	0
NOTE	472	90.329719543457	0.826709628105164	0
NOTE	473	90.126708984375	0.826709628105164	0
NOTE	474	90.5525131225586	0.138605430722237	0
NOTE	475	90.2271650036176	0.616362333297729	0
NOTE	476	90.7902374267578	0.325456440448761	0.2000000
NOTE	477	90.7902374267578	0.805451095104218	0.2000000
NOTE	478	35.0529441833496	0.693564176559448	0
NOTE	479	35.1760788115683	0.824471831321716	0
NOTE	480	35.311309833665	0.649928319116797	0
NOTE	481	35.0529441833496	0.175528049468994	0
NOTE	482	35.1760788115683	0.31314891576767	0
NOTE	483	35.311309833665	0.130773290991783	0
NOTE	484	92.0496215820313	0.308673471212387	0.2000000
NOTE	485	92.0496215820313	0.7897869348526	0.2000000
NOTE	486	35.903873460607	0.894960701465607	0
NOTE	487	35.997432728532	0.751745462417603	0
NOTE	488	35.903873460607	0.131892189383507	0
NOTE	489	35.997432728532	0.291890442371368	0
NOTE	490	92.6867980957031	0.307554602622986	0.2000000
NOTE	491	92.6867980957031	0.750626564025879	0.2000000
NOTE	492	93.5604248046875	0.164339423179626	0
NOTE	493	93.5604248046875	0.867436468601227	0
NOTE	494	93.6760406596275	0.384980320930481	0
NOTE	495	93.6760406596275	0.717955589294434	0
NOTE	496	93.955680847168	0.2064089179039	0
NOTE	497	93.955680847168	0.79873788356781	0
NOTE	498	94.1868329103837	0.3400017619133	0.3131666
NOTE	499	94.1868329103837	0.672305762767792	0.3131666
NOTE	500	72.1550416052341	0.191192239522934	0
NOTE	501	72.2391891479492	0.35119041800499	0
NOTE	502	72.4986572265625	0.113990232348442	0
NOTE	503	72.4521560668945	0.627550959587097	0
NOTE	504	72.6656646728516	0.880281031131744	0
NOTE	505	72.6676635742188	0.877058625221252	0
NOTE	506	72.9462661743164	0.521258533000946	0
NOTE	507	73.1460266113281	0.451888650655746	0
NOTE	508	73.3480072021484	0.197905465960503	0.3186617
NOTE	509	73.3480072021484	0.82447185568309	0.3186617
LINK 45 46 47 51 54
LINK 48 49 50 52 53
LINK 91 92
LINK 93 94
LINK 120 121 122
LINK 144 145 146
LINK 147 148 149
LINK 152 153 154
LINK 155 156 157
LINK 166 167 168
LINK 169 170 171
LINK 174 175
LINK 176 177
LINK 223 224
LINK 225 226
LINK 229 230
LINK 233 234 235 239 240
LINK 236 237 238 241 242
LINK 264 265 266 267 268 269
LINK 278 279 280 281 282
LINK 319 320 321 322 323 324
LINK 341 342 343 344 345 346
LINK 351 352 353
LINK 354 355
LINK 364 365 366 367 368 369
LINK 427 428 429
LINK 432 433 434
LINK 435 436 437
LINK 455 456 457
LINK 458 459 460
LINK 461 462 463
LINK 464 465 466
LINK 478 479 480
LINK 481 482 483
LINK 486 487
LINK 488 489
LINK 500 501 502
LINK 503 504
LINK 505 506 507
