VERSION 2
BPM 360
PAGE_SHIFT 0
PAGE_SIZE 0.666666666666667
NOTE	0	0.751324834962432	0.163220494863925	0.4368523
NOTE	1	0.751324834962432	0.873702108860016	0.4247527
NOTE	2	1.60075128078461	0.538041532039642	0.3992487
NOTE	3	2.50545656681061	0.197905480861664	0
NOTE	4	3.11557912826538	0.768528461456299	0
NOTE	5	3.96650838851929	0.237065851688385	0
NOTE	6	4.16658782958984	0.788668096065521	0
NOTE	7	4.81720095872879	0.313148885965347	0.3494657
NOTE	8	4.82661179701487	0.743913292860231	0.3400548
NOTE	9	3.57528686523438	0.169933721423149	0
NOTE	10	3.57528686523438	0.879296481609344	0
NOTE	11	4.41664696981451	0.108395919203758	0
NOTE	12	4.41664696981451	0.916219115257263	0
NOTE	13	2.76200103759766	0.761815249919891	0
NOTE	14	3.3548047542572	0.343358367681503	0
NOTE	15	5.9032423098882	0.187835663557053	0
NOTE	16	6.16666682561239	0.720417082309723	0
NOTE	17	6.52293395996094	0.152031941968382	0
NOTE	18	6.52293395996094	0.856919050216675	0
NOTE	19	6.72839117050171	0.417203724384308	0
NOTE	20	7.001305103302	0.681256711483002	0
NOTE	21	7.41799167792002	0.206856429576874	0
NOTE	22	7.65595102310181	0.872583270072937	0
NOTE	23	7.93693161010742	0.156507313251495	0
NOTE	24	7.93693161010742	0.872583270072937	0
NOTE	25	8.27817344665527	0.253848875314759	0.3884932
NOTE	26	8.27817344665527	0.743913352489471	0.3884932
NOTE	27	8.68813800811768	0.515664160251617	0
NOTE	28	8.90861988067627	0.515664160251617	0
NOTE	29	9.11431407928467	0.515664160251617	0
NOTE	30	9.34665966033936	0.278463989496231	0.4503355
NOTE	31	9.34531527757645	0.677900075912476	0
NOTE	32	9.65318393707275	0.874820947647095	0
NOTE	33	9.98390704345427	0.633145332336426	0
NOTE	34	10.2016210616118	0.111752606624735	0
NOTE	35	10.5081453323364	0.474265873432159	0
NOTE	36	11.0456714630127	0.187835652161105	0
NOTE	37	11.0456714630127	0.79873788356781	0
NOTE	38	10.2016210616118	0.657760441303253	0
NOTE	39	10.8386325836182	0.71817934513092	0
NOTE	40	11.3323335647583	0.175528094172478	0
NOTE	41	11.3323335647583	0.853562355041504	0
NOTE	42	11.653263092041	0.388113111257553	0.3467369
NOTE	43	11.653263092041	0.655522644519806	0.3467369
NOTE	44	12.7849349975586	0.419441431760788	0
NOTE	45	13.0591926574707	0.597341597080231	0
NOTE	46	13.3294191360474	0.312030047178268	0
NOTE	47	13.5644521713257	0.87482100725174	0
NOTE	48	13.825267791748	0.266156375408173	0
NOTE	49	13.825267791748	0.806569993495941	0
NOTE	50	14.1895217895508	0.665592551231384	0
NOTE	51	14.42613697052	0.244897931814194	0
NOTE	52	14.6813373565674	0.234828114509583	0
NOTE	53	14.6813373565674	0.784192596173739	0
NOTE	54	15.0886917114258	0.2504922747612	0.2000000
NOTE	55	15.0886917114258	0.80768883228302	0.2000000
NOTE	56	16.2042310237885	0.139724284410477	0
NOTE	57	16.3185043334961	0.647690653800964	0
NOTE	58	16.4502569039663	0.149794101715088	0
NOTE	59	16.594108581543	0.877058684825897	0
NOTE	60	16.8145141601563	0.253848969936371	0.2000000
NOTE	61	16.8145141601563	0.76740962266922	0.2000000
NOTE	62	17.4595895844575	0.18559792637825	0
NOTE	63	17.4595895844575	0.832304000854492	0
NOTE	64	17.5953743535888	0.18559792637825	0
NOTE	65	17.5953743535888	0.832304000854492	0
NOTE	66	17.905931631724	0.133011072874069	0
NOTE	67	18.0739040374756	0.894960582256317	0
NOTE	68	18.3468170166016	0.233709171414375	0
NOTE	69	18.3468170166016	0.815520942211151	0
NOTE	70	18.7794795234998	0.800975680351257	0
NOTE	71	18.9166088104248	0.328813076019287	0
NOTE	72	19.2016220092773	0.257205456495285	0
NOTE	73	19.2016220092773	0.811045467853546	0
NOTE	74	19.6156195203463	0.783073723316193	0
NOTE	75	19.8320693969727	0.182241320610046	0
NOTE	76	20.0308017730713	0.730486929416656	0
NOTE	77	20.4636993546396	0.0904940601847777	0.2000000
NOTE	78	20.4636993546396	0.910624802112579	0.2000000
NOTE	79	20.1921310424805	0.428392380475998	0
NOTE	80	21.3762359619141	0.23147152364254	0
NOTE	81	21.5335311889648	0.883771955966949	0
NOTE	82	21.7714920043945	0.231471553444862	0
NOTE	83	21.7714920043945	0.81216436624527	0
NOTE	84	22.1209583282471	0.849086940288544	0
NOTE	85	22.3306827545166	0.118465811014175	0
NOTE	86	22.5632667541504	0.21133191883564	0
NOTE	87	22.5632667541504	0.860275685787201	0
NOTE	88	23.3343334197998	0.193429964522551	0.2000000
NOTE	89	23.3343334197998	0.883771955966949	0.2000000
NOTE	90	23.7393054962158	0.287414931883916	0.0953331
NOTE	91	23.7393054962158	0.773003876209259	0.0953331
NOTE	92	24.5309211413066	0.747269928455353	0
NOTE	93	24.8010690609614	0.0826620161533356	0
NOTE	94	24.9758415619532	0.755102038383484	0
NOTE	95	25.2191786135985	0.195667743682861	0
NOTE	96	25.2191786135985	0.79873788356781	0
NOTE	97	25.6451172828674	0.792024672031403	0
NOTE	98	25.810478925705	0.307554572820663	0
NOTE	99	25.9960060119629	0.128535598516464	0
NOTE	100	25.9960060119629	0.830066204071045	0
NOTE	101	26.5054565668106	0.16993373632431	0
NOTE	102	26.7402629852295	0.696920871734619	0
NOTE	103	26.8969955444336	0.265037536621094	0
NOTE	104	27.1069602966309	0.436224400997162	0
NOTE	105	27.2427444458008	0.140843108296394	0
NOTE	106	27.3709373474121	0.81216424703598	0.2000000
NOTE	107	28.1934758027395	0.219163954257965	0
NOTE	108	28.397825161616	0.872583270072937	0
NOTE	109	28.6438510609821	0.247135668992996	0
NOTE	110	28.6438510609821	0.793143570423126	0
NOTE	111	29.044406135877	0.865869998931885	0
NOTE	112	29.274299621582	0.366854637861252	0
NOTE	113	29.4797554016113	0.218045070767403	0.2000000
NOTE	114	29.4797554016113	0.786430358886719	0.2000000
NOTE	115	30.1370899478594	0.266156435012817	0.2000000
NOTE	116	30.1357455253601	0.792024672031403	0.2000000
NOTE	117	30.5605771541595	0.52909055352211	0
NOTE	118	30.7283916473389	0.201261999023524	0.2000000
NOTE	119	30.7283916473389	0.863632202148438	0.2000000
NOTE	120	31.1989334980329	0.219163954257965	0
NOTE	121	31.1989334980329	0.816639840602875	0
NOTE	122	31.332332611084	0.212450742721558	0
NOTE	123	31.332332611084	0.809926629066467	0
NOTE	124	32.8938331604004	0.259443239776598	0.3172388
NOTE	125	32.8938331604004	0.729368031024933	0.3172388
NOTE	126	33.3426284790039	0.192311137914658	0
NOTE	127	33.5510109265645	0.784192562103271	0
NOTE	128	33.7714931170146	0.174409240484238	0
NOTE	129	33.9274444580078	0.88824737071991	0
NOTE	130	34.1747360229492	0.320981025695801	0.2000000
NOTE	131	34.1747360229492	0.734962403774261	0.2000000
NOTE	132	35.3343315124512	0.288533806800842	0.2000000
NOTE	133	35.3343315124512	0.804332256317139	0.2000000
NOTE	134	36.1302909851074	0.207975268363953	0.2000000
NOTE	135	36.1302909851074	0.792024672031403	0.2000000
NOTE	136	36.9960098266602	0.422798097133636	0
NOTE	137	37.1949806213379	0.822234153747559	0
NOTE	138	37.3132858276367	0.159863904118538	0
NOTE	139	37.6115074157715	0.312030047178268	0.2447203
NOTE	140	37.6115074157715	0.719298183917999	0.2447203
NOTE	141	38.102135459582	0.209094166755676	0
NOTE	142	38.2446422378222	0.75398313999176	0
NOTE	143	38.5014228970236	0.224758267402649	0
NOTE	144	38.5014228970236	0.803213357925415	0
NOTE	145	38.8964424133301	0.297484785318375	0
NOTE	146	39.1142349243164	0.868107736110687	0
NOTE	147	39.2876625061035	0.635383069515228	0
NOTE	148	39.528235177199	0.271750748157501	0
NOTE	149	39.7608184814453	0.50895094871521	0
NOTE	150	40.2001991271973	0.251611143350601	0
NOTE	151	40.440845489502	0.529090523719788	0
NOTE	152	40.6142768859863	0.210213050246239	0
NOTE	153	40.8239212036133	0.819996356964111	0
NOTE	154	41.0457496643066	0.87034547328949	0
NOTE	155	41.2514443397522	0.307554572820663	0.0818890
NOTE	156	41.2514443397522	0.712585031986237	0.0818890
NOTE	157	41.9072779417038	0.221401691436768	0
NOTE	158	42.0658378601074	0.778598248958588	0
NOTE	159	42.3642959594727	0.341120606435698	0.2000000
NOTE	160	42.3642959594727	0.813283145427704	0.2000000
NOTE	161	42.792923549811	0.586152851581573	0
NOTE	162	42.9797956546148	0.180003553628922	0
NOTE	163	43.2110331220736	0.166577160358429	0
NOTE	164	43.2110331220736	0.796500205993652	0
NOTE	165	43.8401368610105	0.109514863056534	0
NOTE	166	43.8401368610105	0.901673853397369	0
NOTE	167	43.9947432874067	0.230352626147127	0
NOTE	168	43.9947432874067	0.787549197673798	0
NOTE	169	44.2136421203613	0.39930185675621	0
NOTE	170	44.2136421203613	0.637620866298676	0
NOTE	171	44.4852104187012	0.394826322793961	0.1814563
NOTE	172	44.4852104187012	0.639858603477478	0.1639780
NOTE	173	44.9011084834735	0.845730364322662	0
NOTE	174	45.0027275085449	0.674543440341949	0
NOTE	175	45.1215896606445	0.203499794006348	0
NOTE	176	45.2379989624023	0.426154613494873	0
NOTE	177	45.5604217648506	0.222520530223846	0
NOTE	178	45.7607383728027	0.221401691436768	0
NOTE	179	46.2202262878418	0.860275626182556	0
NOTE	180	46.0105018615723	0.860275626182556	0
NOTE	181	47.6949424743652	0.519020736217499	0
NOTE	182	47.9100458793853	0.195667626722273	0
NOTE	183	47.9100458793853	0.85691899061203	0
NOTE	184	48.1208777165674	0.360365182161331	0
NOTE	185	48.1208777165674	0.717955648899078	0
NOTE	186	48.3117856674925	0.360365182161331	0
NOTE	187	48.3117856674925	0.717955648899078	0
NOTE	188	48.7809030214945	0.184479027986526	0.2000000
NOTE	189	48.7822474439939	0.850205911638012	0.2000000
NOTE	190	49.8319892883301	0.156507313251495	0
NOTE	191	49.9990005493164	0.790905773639679	0
NOTE	192	50.2621192932129	0.294680643035141	0
NOTE	193	50.2621192932129	0.773343683023661	0
NOTE	194	50.4987335205078	0.289652653250157	0.1652433
NOTE	195	50.4987335205078	0.77636045217514	0.1679332
NOTE	196	50.9058534574266	0.155388474464417	0.2000000
NOTE	197	50.9058534574266	0.863632330819073	0.2000000
NOTE	198	51.3362083435916	0.367973506450653	0
NOTE	199	51.3362083435916	0.681256711483002	0
NOTE	200	52.4139595031738	0.652166068553925	0
NOTE	201	52.6330986022949	0.206856325268745	0
NOTE	202	52.8427429199219	0.8792964220047	0
NOTE	203	53.3343315124512	0.337764024734497	0.3323368
NOTE	204	54.5619201660156	0.866988897945322	0
NOTE	205	54.7660331726074	0.234828114509583	0
NOTE	206	54.9757614135742	0.59846043586731	0
NOTE	207	55.1935577392578	0.221401691436768	0.1397756
NOTE	208	55.6371307463586	0.205737591931523	0.2000000
NOTE	209	55.6371307463586	0.797619044780731	0.2000000
NOTE	210	56.7257804870605	0.194548845291138	0
NOTE	211	56.908618927002	0.83454167842865	0
NOTE	212	57.3493499755859	0.197905391454697	0.4006340
NOTE	213	57.3493499755859	0.811045467853546	0.4006340
NOTE	214	58.2446441650391	0.165831238031387	0
NOTE	215	58.4557151794434	0.850951790809631	0
NOTE	216	59.4879035949707	0.197905540466309	0
NOTE	217	59.4879035949707	0.811045467853546	0
NOTE	218	59.8939094543457	0.183360204100609	0
NOTE	219	60.340015411377	0.151534557342529	0
NOTE	220	60.1141559878985	0.840136051177979	0
NOTE	221	60.4717636108398	0.151534557342529	0
NOTE	222	60.340015411377	0.757091104984283	0
NOTE	223	60.4717636108398	0.757091104984283	0
NOTE	224	62.4772240718206	0.166577160358429	0
NOTE	225	62.6656684875488	0.87034547328949	0
NOTE	226	62.8991279602051	0.221401736140251	0
NOTE	227	62.8991279602051	0.853562474250793	0
NOTE	228	63.2809410095215	0.831185162067413	0
NOTE	229	63.4959678649902	0.201262056827545	0
NOTE	230	63.7419929504395	0.194548845291138	0
NOTE	231	63.7419929504395	0.799856786690516	0
NOTE	232	63.8898811340332	0.194548845291138	0
NOTE	233	63.8898811340332	0.799856786690516	0
NOTE	234	60.7688026428223	0.882653057575226	0.2000000
NOTE	235	66.1155166625977	0.77776563167572	0
NOTE	236	66.3858046531677	0.216926217079163	0
NOTE	237	66.3844602108002	0.758458614349365	0
NOTE	238	66.7055358886719	0.842373788356781	0
NOTE	239	66.9152603149414	0.253848940134048	0
NOTE	240	67.1290283203125	0.223591619987364	0
NOTE	241	67.1290283203125	0.78531140089035	0
NOTE	242	67.2607803344727	0.221401659289336	0
NOTE	243	67.2607803344727	0.783121455645379	0
NOTE	244	67.6250305175781	0.859156847000122	0.3749695
NOTE	245	69.3668276270231	0.199024349451065	0
NOTE	246	69.4958877563477	0.823353052139282	0
NOTE	247	69.7459487915039	0.202380940318108	0
NOTE	248	69.7459487915039	0.822234153747559	0
NOTE	249	70.24195343256	0.809926569461823	0
NOTE	250	70.3844602108002	0.235946983098984	0
NOTE	251	70.5982204456594	0.221401691436768	0
NOTE	252	70.5982204456594	0.808807730674744	0
NOTE	253	70.8077163738326	0.200143232941628	0
NOTE	254	70.8077163738326	0.849086999893188	0
NOTE	255	71.0698745370868	0.20349982380867	0.2000000
NOTE	256	71.0698745370868	0.847968067631381	0.2000000
NOTE	257	71.5349578857422	0.400420695543289	0.2000000
NOTE	258	71.5349578857422	0.656641602516174	0.2000000
NOTE	259	74.0009994507134	0.209094062447548	0
NOTE	260	74.0009994507134	0.836779475212097	0
NOTE	261	74.1733932495117	0.802094519138336	0
NOTE	262	74.1733932495117	0.249373478191558	0
NOTE	263	74.4933569431305	0.765171885490417	0
NOTE	264	74.6676635742188	0.246016815304756	0
NOTE	265	74.9166125133618	0.261680960655212	0
NOTE	266	74.9166125133618	0.808807730674744	0
NOTE	267	75.3343353271484	0.802094459533691	0
NOTE	268	75.5053803126017	0.305316835641861	0
NOTE	269	75.7715722850433	0.211331903934479	0
NOTE	270	75.7715722850433	0.83454167842865	0
NOTE	271	76.1760025024414	0.44181877374649	0
NOTE	272	76.3736190795898	0.866988837718964	0
NOTE	273	76.6411622365316	0.137486547231674	0
NOTE	274	76.8037617007891	0.723773717880249	0
NOTE	275	77.0403747558594	0.734962403774261	0.2000000
NOTE	276	77.0403747558594	0.278463959693909	0.2000000
NOTE	277	78.126335144043	0.816639840602875	0
NOTE	278	78.3459014892578	0.258324384689331	0
NOTE	279	78.3741302490234	0.80321341753006	0
NOTE	280	77.9045890967051	0.24825456738472	0
NOTE	281	78.7445288499196	0.742794454097748	0
NOTE	282	78.8964464465777	0.254967749118805	0
NOTE	283	79.2029724121094	0.279582858085632	0
NOTE	284	79.2029724121094	0.796500146389008	0
NOTE	285	79.8495483398438	0.209228342253803	0.1504517
NOTE	286	79.8522338867188	0.860275566577911	0.1477635
NOTE	287	80.2243957519531	0.521258473396301	0
NOTE	288	80.4690780639648	0.299722492694855	0.1948993
NOTE	289	80.4690780639648	0.732724606990814	0.1975886
NOTE	290	81.0672648350398	0.796500205993652	0
NOTE	291	80.9301452636719	0.221401736140251	0.2000000
NOTE	292	81.3372507691383	0.261680960655212	0
NOTE	293	81.4999237060547	0.833422839641571	0
NOTE	294	81.770149230957	0.213569617979935	0
NOTE	295	81.770149230957	0.847968101501465	0
NOTE	296	82.2258206009865	0.732724666595459	0
NOTE	297	82.4019374847412	0.287414968013763	0
NOTE	298	82.6347427368164	0.251611143350601	0
NOTE	299	82.6347427368164	0.840136051177979	0
NOTE	300	83.0550860961278	0.271750748157501	0
NOTE	301	83.2177588939667	0.765171885490417	0
NOTE	302	83.9154234900699	0.280701756477356	0.08457651
NOTE	303	83.9154234900699	0.737200140953064	0.08457651
NOTE	304	84.8010728756587	0.174409240484238	0
NOTE	305	84.9906338055929	0.806569933891296	0
NOTE	306	85.2017052173615	0.206856429576874	0
NOTE	307	85.2043940226237	0.777479410171509	0
NOTE	308	85.633019566536	0.749507665634155	0
NOTE	309	85.8212360541026	0.280701756477356	0
NOTE	310	86.0765917721368	0.235946983098984	0
NOTE	311	86.0765917721368	0.78083598613739	0
NOTE	312	86.7041931152344	0.83006626367569	0
NOTE	313	87.1048278808594	0.124060161411762	0
NOTE	314	87.2567443847656	0.33105081319809	0
NOTE	315	87.8846282958984	0.276226282119751	0
NOTE	316	87.8846282958984	0.787611067295074	0
NOTE	317	87.6629257202148	0.276226282119751	0
NOTE	318	87.6629257202148	0.787611067295074	0
NOTE	319	89.9139999548594	0.182241290807724	0
NOTE	320	90.3337554931641	0.382518798112869	0
NOTE	321	90.126708984375	0.826709628105164	0
NOTE	322	90.5525131225586	0.138605430722237	0
NOTE	323	90.7902374267578	0.325456440448761	0.2000000
NOTE	324	90.7902374267578	0.805451095104218	0.2000000
NOTE	325	35.0892448425293	0.666711330413818	0
NOTE	326	35.2123794555664	0.797618985176086	0
NOTE	327	35.0892448425293	0.148675203323364	0
NOTE	328	35.2123794555664	0.28629606962204	0
NOTE	329	92.0576858520508	0.253848910331726	0.2000000
NOTE	330	92.0576858520508	0.734962344169617	0.2000000
NOTE	331	35.903873460607	0.894960701465607	0
NOTE	332	35.997432728532	0.751745462417603	0
NOTE	333	35.903873460607	0.131892189383507	0
NOTE	334	35.997432728532	0.291890442371368	0
NOTE	335	93.5846176147461	0.306659519672394	0
NOTE	336	93.5846176147461	0.706766903400421	0
NOTE	337	93.955680847168	0.2064089179039	0
NOTE	338	93.955680847168	0.79873788356781	0
NOTE	339	94.1868329103837	0.3400017619133	0.3131666
NOTE	340	94.1868329103837	0.672305762767792	0.3131666
NOTE	341	73.3480072021484	0.197905465960503	0.3186617
NOTE	342	73.3480072021484	0.82447185568309	0.3186617
NOTE	343	12.3185053467751	0.188954502344131	0
NOTE	344	12.3238829572996	0.83454167842865	0
NOTE	345	12.469078540802	0.360141396522522	0
NOTE	346	12.5793196757634	0.702515184879303	0
NOTE	347	24.3400158087413	0.272869646549225	0
NOTE	348	31.6357855886952	0.148675233125687	0
NOTE	349	31.6357855886952	0.884890794754028	0
NOTE	350	31.8199672698975	0.314267782487997	0
NOTE	351	31.8199672698975	0.710347354412079	0
NOTE	352	32.0213928222656	0.1609827876091	0
NOTE	353	32.0213928222656	0.871464289761988	0
NOTE	354	32.4637009440969	0.152032025267776	0
NOTE	355	32.4637009440969	0.851324796676636	0
NOTE	356	32.6304054260254	0.323306153038331	0
NOTE	357	32.6304054260254	0.707137505118595	0
NOTE	358	46.7423896789551	0.266156435012817	0
NOTE	359	46.9300537109375	0.513426423072815	0
NOTE	360	47.0637054443359	0.846849322319031	0
NOTE	361	47.231201171875	0.572726488113403	0
NOTE	362	46.4664688507716	0.860275626182556	0
NOTE	363	53.0591926574707	0.764052987098694	0.2000000
NOTE	364	57.121036529541	0.2303526699543	0
NOTE	365	57.121036529541	0.75845867395401	0
NOTE	366	58.6156997680664	0.171052604913712	0
NOTE	367	58.8292198181152	0.613005697727203	0
NOTE	368	59.0577710866928	0.196786612272263	0
NOTE	369	61.1600248813629	0.195667743682861	0
NOTE	370	61.4206037521362	0.793143570423126	0.2000000
NOTE	371	64.2001953125	0.284058302640915	0
NOTE	372	64.4475708007813	0.901673853397369	0
NOTE	373	64.7228012084961	0.199353113770485	0.2807332
NOTE	374	65.9067724545797	0.118494510650635	0
NOTE	375	68.246208190918	0.23811599612236	0.4204585
NOTE	376	72.7333984375	0.161129087209702	0
NOTE	377	72.894157409668	0.484563380479813	0
NOTE	378	73.1485321521759	0.696265816688538	0
NOTE	379	83.4045486450195	0.617481112480164	0
NOTE	380	83.6788084109624	0.757339715957642	0
NOTE	381	88.2149862647057	0.162101686000824	0
NOTE	382	88.4072359800339	0.766290724277496	0
NOTE	383	88.6357846260071	0.270631909370422	0
NOTE	384	88.8346829811732	0.802094519138336	0
NOTE	385	89.0538208087285	0.291890442371368	0
NOTE	386	89.3343353271484	0.686851024627686	0
NOTE	387	89.5147120555242	0.282939493656158	0
NOTE	388	91.6250322461128	0.178884714841843	0
NOTE	389	91.8401412963867	0.618600010871887	0
NOTE	390	92.4932708740234	0.53580379486084	0
NOTE	391	92.7257862885793	0.717060506343842	0
NOTE	392	92.9140028158824	0.300841361284256	0
LINK 103 104 105
LINK 173 174
LINK 175 176
LINK 325 326
LINK 327 328
LINK 331 332
LINK 333 334
LINK 358 359
LINK 360 361
