VERSION 2
BPM 360
PAGE_SHIFT 0
PAGE_SIZE 0.666666666666667
NOTE	0	0.744602799415588	0.282939404249191	0.4368523
NOTE	1	1.59940683841705	0.805451154708862	0.3992487
NOTE	2	2.49066805839539	0.251611113548279	0
NOTE	3	4.83602285385132	0.220282778143883	0.3494657
NOTE	4	4.83602285385132	0.794262409210205	0.3400548
NOTE	5	3.35346031188965	0.62083774805069	0
NOTE	6	5.9032423098882	0.187835663557053	0
NOTE	7	6.77947854995728	0.451888650655746	0
NOTE	8	7.62771892547607	0.755102038383484	0
NOTE	9	7.93693161010742	0.156507313251495	0
NOTE	10	7.93693161010742	0.872583270072937	0
NOTE	11	8.27817344665527	0.253848875314759	0.3884932
NOTE	12	8.27817344665527	0.743913352489471	0.3884932
NOTE	13	9.3587589263916	0.260562062263489	0
NOTE	14	9.98390704345427	0.633145332336426	0
NOTE	15	10.2016210616118	0.111752606624735	0
NOTE	16	11.0456714630127	0.187835652161105	0
NOTE	17	11.0456714630127	0.79873788356781	0
NOTE	18	10.2016210616118	0.657760441303253	0
NOTE	19	10.8386325836182	0.71817934513092	0
NOTE	20	11.3323335647583	0.344477283353	0
NOTE	21	11.3323335647583	0.686850905418396	0
NOTE	22	11.653263092041	0.237065825545084	0.3467369
NOTE	23	11.653263092041	0.840135931968689	0.3467369
NOTE	24	13.0833921432495	0.354547083377838	0
NOTE	25	13.4152231216431	0.676781237125397	0
NOTE	26	13.9113101959229	0.241541236639023	0
NOTE	27	13.6504955291748	0.871464371681213	0
NOTE	28	14.1895217895508	0.665592551231384	0
NOTE	29	14.42613697052	0.244897931814194	0
NOTE	30	14.6813373565674	0.2504922747612	0
NOTE	31	14.6813373565674	0.80768883228302	0
NOTE	32	15.0886917114258	0.2504922747612	0.2000000
NOTE	33	15.0886917114258	0.80768883228302	0.2000000
NOTE	34	16.2149868011475	0.301960200071335	0
NOTE	35	16.6505737304688	0.640977382659912	0
NOTE	36	17.0511283874512	0.279582947492599	0.2000000
NOTE	37	17.9139976501465	0.316505491733551	0
NOTE	38	18.3468170166016	0.233709171414375	0
NOTE	39	18.3468170166016	0.815520942211151	0
NOTE	40	18.7794795234998	0.800975680351257	0
NOTE	41	19.2016220092773	0.257205456495285	0
NOTE	42	19.2016220092773	0.811045467853546	0
NOTE	43	19.6156196594238	0.714822709560394	0
NOTE	44	20.0361804962158	0.531328320503235	0
NOTE	45	20.4636993546396	0.24713573216779	0.2000000
NOTE	46	20.4636993546396	0.781954944133759	0.2000000
NOTE	47	21.3829593658447	0.413847118616104	0
NOTE	48	21.7714920043945	0.231471553444862	0
NOTE	49	21.7714920043945	0.81216436624527	0
NOTE	50	22.1881771087646	0.648809432983398	0
NOTE	51	22.5632667541504	0.21133191883564	0
NOTE	52	22.5632667541504	0.860275685787201	0
NOTE	53	23.3343334197998	0.193429964522551	0.2000000
NOTE	54	23.8871898651123	0.781954824924469	0.0953331
NOTE	55	24.7916584014893	0.403777271509171	0
NOTE	56	25.2191786135985	0.195667743682861	0
NOTE	57	25.2191786135985	0.79873788356781	0
NOTE	58	25.6451172828674	0.792024672031403	0
NOTE	59	25.9960060119629	0.128535598516464	0
NOTE	60	25.9960060119629	0.830066204071045	0
NOTE	61	26.5054565668106	0.16993373632431	0
NOTE	62	27.3709373474121	0.81216424703598	0.2000000
NOTE	63	28.1934758027395	0.219163954257965	0
NOTE	64	28.6438510609821	0.247135668992996	0
NOTE	65	28.6438510609821	0.793143570423126	0
NOTE	66	29.0484409332275	0.546992421150208	0
NOTE	67	29.4797554016113	0.218045070767403	0.2000000
NOTE	68	29.4797554016113	0.786430358886719	0.2000000
NOTE	69	30.5471324920654	0.55818110704422	0
NOTE	70	31.1925144195557	0.235946983098984	0
NOTE	71	32.8938331604004	0.259443239776598	0.3172388
NOTE	72	33.3735504150391	0.777479350566864	0
NOTE	73	33.7714931170146	0.174409240484238	0
NOTE	74	34.1747360229492	0.320981025695801	0.2000000
NOTE	75	34.1747360229492	0.734962403774261	0.2000000
NOTE	76	36.9946670532227	0.351190507411957	0
NOTE	77	37.3240394592285	0.648809492588043	0
NOTE	78	37.6209182739258	0.433986723423004	0.2447203
NOTE	79	38.102135459582	0.209094166755676	0
NOTE	80	38.5014228970236	0.224758267402649	0
NOTE	81	38.5014228970236	0.803213357925415	0
NOTE	82	38.8964424133301	0.297484785318375	0
NOTE	83	39.7608184814453	0.50895094871521	0
NOTE	84	40.2001991271973	0.251611143350601	0
NOTE	85	40.6209983825684	0.639858603477478	0
NOTE	86	41.0430603027344	0.532447159290314	0
NOTE	87	41.2514443397522	0.307554572820663	0.0818890
NOTE	88	41.2514443397522	0.712585031986237	0.0818890
NOTE	89	41.9099655151367	0.530209481716156	0
NOTE	90	42.3642959594727	0.238184693676573	0.2000000
NOTE	91	42.3642959594727	0.813283145427704	0.2000000
NOTE	92	42.7606582641602	0.492167890071869	0
NOTE	93	43.2110331220736	0.166577160358429	0
NOTE	94	43.2110331220736	0.796500205993652	0
NOTE	95	43.8428230285645	0.21468847990036	0
NOTE	96	44.2297744750977	0.53132838010788	0
NOTE	97	44.4946212768555	0.747269988059998	0
NOTE	98	45.5604217648506	0.222520530223846	0
NOTE	99	45.965087890625	0.210213020443916	0
NOTE	100	46.4030609130859	0.842373788356781	0
NOTE	101	47.6949424743652	0.519020736217499	0
NOTE	102	47.9100458793853	0.195667626722273	0
NOTE	103	47.9100458793853	0.85691899061203	0
NOTE	104	48.3117856674925	0.360365182161331	0
NOTE	105	48.3117856674925	0.717955648899078	0
NOTE	106	48.7809030214945	0.184479027986526	0.2000000
NOTE	107	48.7822474439939	0.850205911638012	0.2000000
NOTE	108	49.8319892883301	0.156507313251495	0
NOTE	109	49.9990005493164	0.790905773639679	0
NOTE	110	51.3375511169434	0.323218762874603	0
NOTE	111	51.3375511169434	0.636501967906952	0
NOTE	112	52.4139595031738	0.652166068553925	0
NOTE	113	52.6330986022949	0.206856325268745	0
NOTE	114	52.8817329406738	0.877058684825897	0
NOTE	115	53.3356742858887	0.254967749118805	0.3323368
NOTE	116	54.5619201660156	0.866988897945322	0
NOTE	117	54.7660331726074	0.234828114509583	0
NOTE	118	55.6371307463586	0.205737591931523	0.2000000
NOTE	119	55.6371307463586	0.797619044780731	0.2000000
NOTE	120	56.7257804870605	0.194548845291138	0
NOTE	121	56.9758377075195	0.746151089668274	0
NOTE	122	57.3493499755859	0.197905391454697	0.4006340
NOTE	123	57.3493499755859	0.811045467853546	0.4006340
NOTE	124	58.6210784912109	0.33067786693573	0
NOTE	125	59.4879035949707	0.197905540466309	0
NOTE	126	59.4879035949707	0.811045467853546	0
NOTE	127	59.8939094543457	0.183360204100609	0
NOTE	128	60.340015411377	0.151534557342529	0
NOTE	129	60.1141559878985	0.840136051177979	0
NOTE	130	60.340015411377	0.757091104984283	0
NOTE	131	62.8991279602051	0.221401736140251	0
NOTE	132	62.8991279602051	0.853562474250793	0
NOTE	133	63.2809410095215	0.831185162067413	0
NOTE	134	63.4959678649902	0.201262056827545	0
NOTE	135	63.7419929504395	0.194548845291138	0
NOTE	136	63.7419929504395	0.799856786690516	0
NOTE	137	60.7688026428223	0.882653057575226	0.2000000
NOTE	138	66.3858032226563	0.340001768582276	0
NOTE	139	66.3844604492188	0.830066204071045	0
NOTE	140	66.7055358886719	0.842373788356781	0
NOTE	141	66.9152603149414	0.253848940134048	0
NOTE	142	67.1290283203125	0.223591619987364	0
NOTE	143	67.1290283203125	0.78531140089035	0
NOTE	144	67.6250305175781	0.859156847000122	0.3749695
NOTE	145	69.3668276270231	0.199024349451065	0
NOTE	146	69.7459487915039	0.202380940318108	0
NOTE	147	69.7459487915039	0.822234153747559	0
NOTE	148	70.24195343256	0.809926569461823	0
NOTE	149	70.5982204456594	0.221401691436768	0
NOTE	150	70.5982204456594	0.808807730674744	0
NOTE	151	71.0698745370868	0.20349982380867	0.2000000
NOTE	152	71.0698745370868	0.847968067631381	0.2000000
NOTE	153	71.6747741699219	0.409371644258499	0.2000000
NOTE	154	71.6747741699219	0.665592551231384	0.2000000
NOTE	155	74.0009994507134	0.836779475212097	0
NOTE	156	74.1733932495117	0.249373478191558	0
NOTE	157	74.4933569431305	0.765171885490417	0
NOTE	158	74.9166125133618	0.261680960655212	0
NOTE	159	74.9166125133618	0.808807730674744	0
NOTE	160	75.3343353271484	0.802094459533691	0
NOTE	161	75.7715722850433	0.211331903934479	0
NOTE	162	75.7715722850433	0.83454167842865	0
NOTE	163	76.1760025024414	0.44181877374649	0
NOTE	164	76.6411622365316	0.137486547231674	0
NOTE	165	76.8037617007891	0.723773717880249	0
NOTE	166	77.0403747558594	0.734962403774261	0.2000000
NOTE	167	77.0403747558594	0.278463959693909	0.2000000
NOTE	168	78.3459014892578	0.258324384689331	0
NOTE	169	78.3741302490234	0.80321341753006	0
NOTE	170	77.9045890967051	0.24825456738472	0
NOTE	171	78.7445288499196	0.742794454097748	0
NOTE	172	79.2029724121094	0.279582858085632	0
NOTE	173	79.2029724121094	0.796500146389008	0
NOTE	174	79.8522338867188	0.860275566577911	0.1477635
NOTE	175	80.2243957519531	0.521258473396301	0
NOTE	176	80.4690780639648	0.299722492694855	0.1948993
NOTE	177	81.0672648350398	0.796500205993652	0
NOTE	178	81.3372507691383	0.261680960655212	0
NOTE	179	81.770149230957	0.213569617979935	0
NOTE	180	81.770149230957	0.847968101501465	0
NOTE	181	82.2258206009865	0.732724666595459	0
NOTE	182	82.6347427368164	0.251611143350601	0
NOTE	183	82.6347427368164	0.840136051177979	0
NOTE	184	83.0550860961278	0.271750748157501	0
NOTE	185	83.9154234900699	0.280701756477356	0.08457651
NOTE	186	83.9154234900699	0.737200140953064	0.08457651
NOTE	187	84.8010728756587	0.174409240484238	0
NOTE	188	85.2017052173615	0.206856429576874	0
NOTE	189	85.2043940226237	0.777479410171509	0
NOTE	190	85.633019566536	0.749507665634155	0
NOTE	191	86.0765917721368	0.235946983098984	0
NOTE	192	86.0765917721368	0.78083598613739	0
NOTE	193	86.6934356689453	0.625313282012939	0
NOTE	194	87.127685546875	0.37244901061058	0
NOTE	195	87.2567443847656	0.667830228805542	0
NOTE	196	87.6802749633789	0.343358397483826	0
NOTE	197	89.9139999548594	0.182241290807724	0
NOTE	198	90.3364410400391	0.530209422111511	0
NOTE	199	90.7808303833008	0.253848910331726	0.2000000
NOTE	200	90.7808303833008	0.799856781959534	0.2000000
NOTE	201	92.0576858520508	0.253848910331726	0.2000000
NOTE	202	92.0576858520508	0.734962344169617	0.2000000
NOTE	203	93.5846176147461	0.306659519672394	0
NOTE	204	93.9462585449219	0.745927333831787	0
NOTE	205	94.1868329103837	0.3400017619133	0.3131666
NOTE	206	94.1868329103837	0.672305762767792	0.3131666
NOTE	207	73.3480072021484	0.197905465960503	0.3186617
NOTE	208	31.6290607452393	0.768528461456299	0
NOTE	209	32.048282623291	0.371330112218857	0
NOTE	210	32.4637009440969	0.851324796676636	0
NOTE	211	58.8292198181152	0.613005697727203	0
NOTE	212	59.0577710866928	0.196786612272263	0
NOTE	213	61.1600248813629	0.195667743682861	0
NOTE	214	61.4206037521362	0.793143570423126	0.2000000
NOTE	215	64.2001953125	0.284058302640915	0
NOTE	216	64.4475708007813	0.901673853397369	0
NOTE	217	64.7228012084961	0.199353113770485	0.2807332
NOTE	218	65.9067687988281	0.240451201796532	0
NOTE	219	68.246208190918	0.23811599612236	0.4204585
NOTE	220	72.7333984375	0.161129087209702	0
NOTE	221	73.1485321521759	0.696265816688538	0
NOTE	222	83.4986572265625	0.741675555706024	0
NOTE	223	88.209602355957	0.733843564987183	0
NOTE	224	88.6357879638672	0.406014978885651	0
NOTE	225	89.0538208087285	0.291890442371368	0
NOTE	226	89.5173950195313	0.7897869348526	0
NOTE	227	91.6250322461128	0.178884714841843	0
NOTE	228	92.4932708740234	0.53580379486084	0
NOTE	229	92.9140028158824	0.300841361284256	0
NOTE	230	4.18003177642822	0.260562092065811	0
NOTE	231	24.2459075450897	0.247135668992996	0
NOTE	232	24.4637009302775	0.696920871734619	0
NOTE	233	26.9569416046143	0.648809492588043	0
NOTE	234	12.6881382067998	0.653284966945648	0
NOTE	235	17.444801112016	0.7897869348526	0
NOTE	236	17.7298147281011	0.7897869348526	0
NOTE	237	30.1276779174805	0.52685284614563	0
NOTE	238	30.6786492470498	0.235946983098984	0
NOTE	239	30.6786492470498	0.862513422966003	0
NOTE	240	35.0497055053711	0.495524495840073	0
NOTE	241	35.4825248718262	0.240422442555428	0
NOTE	242	35.4825248718262	0.758458614349365	0
NOTE	243	35.9275230566661	0.505594313144684	0
NOTE	244	36.3265724182129	0.290771543979645	0
NOTE	245	36.3265724182129	0.737200081348419	0
NOTE	246	39.3239631652832	0.269513010978699	0
NOTE	247	39.3239631652832	0.72713029384613	0
NOTE	248	46.8466987609863	0.636501967906952	0
NOTE	249	50.4906692504883	0.185597956043694	0
NOTE	250	50.4906692504883	0.8300661444664	0
NOTE	251	50.9085426330566	0.344477206468582	0
NOTE	252	50.9085426330566	0.657760441303253	0
NOTE	253	53.0901145935059	0.479860365390778	0
NOTE	254	55.2164107163747	0.453007489442825	0
NOTE	255	62.5014233589172	0.352309346199036	0
NOTE	256	80.9180360237757	0.213569581508636	0
