VERSION 2
BPM 285
PAGE_SHIFT 0
PAGE_SIZE 0.842105263157895
NOTE	0	0.0946029424667358	0.804332256317139	0
NOTE	1	0.659252524375916	0.231471508741379	0
NOTE	2	1.22378435730934	0.220282793045044	0
NOTE	3	1.50812578201294	0.797619044780731	0
NOTE	4	1.68155384063721	0.186716765165329	0
NOTE	5	2.00198173522949	0.821115255355835	0
NOTE	6	2.38902735710144	0.234828114509583	0.1372884
NOTE	7	2.96949481964111	0.183360189199448	0
NOTE	8	3.16988158226013	0.813283145427704	0
NOTE	9	3.35328664277729	0.240422457456589	0
NOTE	10	3.50752353668213	0.889366269111633	0
NOTE	11	3.80980205535889	0.294128119945526	0
NOTE	12	4.08151245117188	0.706990659236908	0
NOTE	13	4.31067085266113	0.297484785318375	0
NOTE	14	4.56200313568115	0.88824737071991	0
NOTE	15	5.24777422453228	0.887128531932831	0
NOTE	16	5.37004423141479	0.209094166755676	0
NOTE	17	5.84214210510254	0.395945250988007	0
NOTE	18	6.08318662643433	0.224758267402649	0
NOTE	19	6.2020603481092	0.830066204071045	0
NOTE	20	6.34640686135543	0.839017152786255	0
NOTE	21	6.61811828613281	0.765171825885773	0
NOTE	22	6.91160668824848	0.192311137914658	0.2526316
NOTE	23	7.662109375	0.776360511779785	0
NOTE	24	7.82513618469238	0.235946998000145	0
NOTE	25	7.98986148834229	0.777479410171509	0
NOTE	26	8.37535095214844	0.776360511779785	0
NOTE	27	8.12571620941162	0.783073782920837	0
NOTE	28	7.51106929779053	0.326575338840485	0
NOTE	29	8.68072700500488	0.190073415637016	0
NOTE	30	8.81148810135691	0.795381307601929	0
NOTE	31	8.93885266153436	0.793143570423126	0
NOTE	32	9.05942445052298	0.280701756477356	0
NOTE	33	9.26415824890137	0.22140172123909	0.2526316
NOTE	34	9.78785027955708	0.817758679389954	0
NOTE	35	9.9474805028815	0.183360189199448	0
NOTE	36	10.1119060516357	0.826709628105164	0
NOTE	37	10.4097900390625	0.188954472541809	0
NOTE	38	10.5279636383057	0.430630147457123	0
NOTE	39	10.6689138412476	0.809926629066467	0
NOTE	40	11.3436965942383	0.890485167503357	0
NOTE	41	11.4992322921753	0.626432186573183	0
NOTE	42	10.8200540542603	0.812164306640625	0
NOTE	43	10.9693946838379	0.31091120839119	0.2526316
NOTE	44	12.0933007943003	0.168814897537231	0
NOTE	45	12.2648191452026	0.842373728752136	0
NOTE	46	12.3904857635498	0.83901709318161	0
NOTE	47	12.6282320022583	0.52685284614563	0
NOTE	48	12.9558849334717	0.748388886451721	0
NOTE	49	13.2360868453979	0.694683194160461	0
NOTE	50	13.418342590332	0.351190477609634	0
NOTE	51	13.7758140563965	0.824148952960968	0.2526316
NOTE	52	13.5937118530273	0.214144676923752	0
NOTE	53	14.4204795987983	0.211026012897491	0
NOTE	54	14.5355014801025	0.817288517951965	0
NOTE	55	14.6669540405273	0.823117911815643	0
NOTE	56	14.9146928787231	0.231012761592865	0
NOTE	57	15.1588954925537	0.245169907808304	0
NOTE	58	15.3518018722534	0.801465690135956	0
NOTE	59	15.4870471954346	0.800632894039154	0
NOTE	60	15.8118877912823	0.265989363193512	0
NOTE	61	16.0009994506836	0.769820153713226	0.2095270
NOTE	62	16.6747417449951	0.241838812828064	0
NOTE	63	16.8411064147949	0.753164529800415	0
NOTE	64	16.9627023496126	0.753997325897217	0
NOTE	65	17.1194343566895	0.260992705821991	0
NOTE	66	17.2824859619141	0.774816751480103	0
NOTE	67	17.4923057556152	0.273484379053116	0
NOTE	68	18.9477374930131	0.245169907808304	0
NOTE	69	19.0488548278809	0.760659575462341	0
NOTE	70	19.1499729156494	0.249333843588829	0
NOTE	71	20.0667057037354	0.193430006504059	0.1370285
NOTE	72	19.369421005249	0.185235410928726	0.08186574
NOTE	73	21.2142005217703	0.680712878704071	0
NOTE	74	22.366189956665	0.722365081310272	0
NOTE	75	22.5039901733398	0.961176931858063	0
NOTE	76	22.6153812408447	0.726656496524811	0
NOTE	77	22.7358436584473	0.932839870452881	0
NOTE	78	22.0355572449534	0.73734176158905	0
NOTE	79	21.3676167789258	0.1760493516922	0
NOTE	80	21.5156059265137	0.353323370218277	0
NOTE	81	21.660961151123	0.122159577906132	0
NOTE	82	21.7497310638428	0.33393731713295	0
NOTE	83	22.9312763214111	0.254330486059189	0.2266186
NOTE	84	23.4937038421631	0.26242595911026	0
NOTE	85	23.6756057739258	0.658936083316803	0
NOTE	86	23.8297328948975	0.801465630531311	0
NOTE	87	24.0825252532959	0.803964018821716	0
NOTE	88	24.3492259979248	0.815622925758362	0
NOTE	89	24.9302139282227	0.84227180480957	0
NOTE	90	25.2095508575439	0.200199887156487	0
NOTE	91	26.5671558380127	0.810118317604065	0
NOTE	92	25.797074167352	0.785642862319946	0
NOTE	93	26.9304172616256	0.215189903974533	0
NOTE	94	27.5553398132324	0.251546084880829	0
NOTE	95	27.5414352416992	0.805343508720398	0
NOTE	96	28.2480770914178	0.820619583129883	0
NOTE	97	28.3795318603516	0.818121254444122	0
NOTE	98	28.6325778961182	0.251832187175751	0.2526316
NOTE	99	28.1014563409906	0.292638301849365	0
NOTE	100	29.0642986297607	0.80562961101532	0
NOTE	101	29.2059421539307	0.803148329257965	0
NOTE	102	29.4683647155762	0.238094136118889	0
NOTE	103	29.7835330963135	0.245852530002594	0.2526316
NOTE	104	30.3845637973986	0.844611525535584	0
NOTE	105	30.9470310211182	0.760500967502594	0
NOTE	106	31.1568965911865	0.758835405111313	0
NOTE	107	31.4724864959717	0.201760649681091	0
NOTE	108	31.5958766937256	0.446597397327423	0
NOTE	109	31.7407608032227	0.175944566726685	0
NOTE	110	31.8178615570068	0.448262989521027	0
NOTE	111	31.940465927124	0.207590103149414	0
NOTE	112	32.0903015136719	0.804751515388489	0.2526316
NOTE	113	32.6438827514648	0.902231812477112	0
NOTE	114	32.7968215440449	0.206862181425095	0
NOTE	115	32.8987655639648	0.678214490413666	0
NOTE	116	33.2059105571948	0.239340484142303	0
NOTE	117	33.4650248477333	0.223517686128616	0
NOTE	118	33.6852111816406	0.774816811084747	0
NOTE	119	33.7946968078613	0.771485686302185	0
NOTE	120	34.0879379322654	0.17938044667244	0.2278533
NOTE	121	34.3419952392578	0.749000668525696	0.1843206
NOTE	122	34.9204576140956	0.224350482225418	0
NOTE	123	35.050646731728	0.804796814918518	0
NOTE	124	35.2452984358135	0.301798820495605	0
NOTE	125	35.3694190979004	0.724850118160248	0
NOTE	126	35.5269352511356	0.724017322063446	0
NOTE	127	35.816384867618	0.739007353782654	0
NOTE	128	36.0767631530762	0.169387146830559	0
NOTE	129	36.1879920959473	0.735676169395447	0
NOTE	130	36.3708306864688	0.36092609167099	0
NOTE	131	36.6526985168457	0.727348446846008	0.2526316
NOTE	132	36.52629927585	0.550799489021301	0
NOTE	133	37.2301066047267	0.297634959220886	0
NOTE	134	37.3779913249769	0.735676169395447	0
NOTE	135	37.534725189209	0.735676169395447	0
NOTE	136	37.7951011657715	0.262658298015594	0
NOTE	137	38.1169776916504	0.293471038341522	0
NOTE	138	38.6718608454654	0.345936089754105	0
NOTE	139	38.958553314209	0.564123928546906	0.4187143
NOTE	140	25.927003258153	0.265037536621094	0
NOTE	141	26.1019172166523	0.81663978099823	0
NOTE	142	26.3361663818359	0.328813076019287	0
NOTE	143	27.1000566231577	0.793143570423126	0
NOTE	144	27.25289410039	0.24825456738472	0
NOTE	145	27.3700695037842	0.796500205993652	0
NOTE	146	4.66389465332031	0.265037566423416	0.2526316
NOTE	147	5.51948547363281	0.220282912254334	0
NOTE	148	11.7904739379883	0.386994272470474	0
NOTE	149	17.7996374431409	0.241541296243668	0
NOTE	150	17.9320964813232	0.839017152786255	0
NOTE	151	18.0917263031006	0.207975268363953	0
NOTE	152	18.3906078338623	0.317624419927597	0
NOTE	153	18.2394697289718	0.828947365283966	0
NOTE	154	19.7131054024947	0.773151218891144	0.2526316
NOTE	155	20.3784980773926	0.360141426324844	0.2377974
NOTE	156	20.6586990356445	0.896079480648041	0.2526316
NOTE	157	24.6621469447487	0.758458614349365	0
NOTE	158	30.5584824712653	0.19770160317421	0
NOTE	159	30.6603741143879	0.775037854909897	0
NOTE	160	30.811513398823	0.203295975923538	0
NOTE	161	38.2682876586914	0.777479410171509	0
NOTE	162	38.4058418273926	0.784192621707916	0
NOTE	163	24.4872329611527	0.204618692398071	0
LINK 37 38
LINK 40 41
LINK 74 75 76 77
LINK 79 80 81 82
LINK 107 108 109 110 111
