VERSION 2
BPM 285
PAGE_SHIFT 0
PAGE_SIZE 0.842105263157895
NOTE	0	0.0946029424667358	0.231471508741379	0
NOTE	1	0.659252524375916	0.804332256317139	0
NOTE	2	1.22378435730934	0.220282793045044	0
NOTE	3	1.50812578201294	0.797619044780731	0
NOTE	4	1.68155384063721	0.186716765165329	0
NOTE	5	2.00198173522949	0.821115255355835	0
NOTE	6	2.38902735710144	0.234828114509583	0.1372884
NOTE	7	2.66126906871796	0.546992480754852	0
NOTE	8	2.96949481964111	0.183360189199448	0
NOTE	9	3.04591345787048	0.627551019191742	0
NOTE	10	3.1987509978445	0.815520882606506	0
NOTE	11	3.35328664277729	0.240422457456589	0
NOTE	12	3.50752353668213	0.889366269111633	0
NOTE	13	3.81829304444162	0.668949127197266	0
NOTE	14	4.07811641693115	0.1609827876091	0
NOTE	15	4.21152639389038	0.76293408870697	0
NOTE	16	4.3785982131958	0.374686747789383	0
NOTE	17	4.56200313568115	0.88824737071991	0
NOTE	18	4.66389465332031	0.657760441303253	0
NOTE	19	5.24777422453228	0.209094166755676	0
NOTE	20	5.36834621429443	0.717060506343842	0
NOTE	21	5.51778745651245	0.705871760845184	0
NOTE	22	5.81157445907593	0.479860305786133	0
NOTE	23	6.08658313751221	0.240422412753105	0
NOTE	24	6.19696569442749	0.900554955005646	0
NOTE	25	6.34131240844727	0.909505903720856	0
NOTE	26	6.61981610247963	0.659998178482056	0
NOTE	27	6.91160668824848	0.192311137914658	0.2526316
NOTE	28	7.21628284454346	0.715941488742828	0
NOTE	29	7.35483503341675	0.910624742507935	0
NOTE	30	7.662109375	0.776360511779785	0
NOTE	31	7.82513618469238	0.235946998000145	0
NOTE	32	7.97287940979004	0.715941667556763	0
NOTE	33	20.7096451207211	0.540279269218445	0
NOTE	34	8.36855792999268	0.574964165687561	0
NOTE	35	8.10873413085938	0.721536040306091	0
NOTE	36	7.51106929779053	0.326575338840485	0
NOTE	37	8.68072700500488	0.190073415637016	0
NOTE	38	8.81148815155029	0.896079480648041	0
NOTE	39	8.93885231018066	0.893841743469238	0
NOTE	40	9.05942445052298	0.280701756477356	0
NOTE	41	9.26415824890137	0.779717147350311	0.2526316
NOTE	42	9.78785027955708	0.183360189199448	0
NOTE	43	9.9474805028815	0.817758679389954	0
NOTE	44	10.1119060516357	0.826709628105164	0
NOTE	45	10.4097900390625	0.188954472541809	0
NOTE	46	10.5279636383057	0.430630147457123	0
NOTE	47	10.6689138412476	0.809926629066467	0
NOTE	48	11.3436965942383	0.890485167503357	0
NOTE	49	11.4992322921753	0.626432186573183	0
NOTE	50	10.8200540542603	0.812164306640625	0
NOTE	51	10.9693946838379	0.31091120839119	0.2526316
NOTE	52	11.7884731292725	0.334546148777008	0
NOTE	53	12.0933007943003	0.168814897537231	0
NOTE	54	12.2648191452026	0.842373728752136	0
NOTE	55	12.3904857635498	0.83901709318161	0
NOTE	56	12.5823807465403	0.55370569229126	0
NOTE	57	12.6762418746948	0.26506307721138	0
NOTE	58	12.9558849334717	0.748388886451721	0
NOTE	59	13.2360868453979	0.694683194160461	0
NOTE	60	13.3770370483398	0.542517006397247	0
NOTE	61	13.4726839065552	0.260562121868134	0
NOTE	62	13.7758140563965	0.824148952960968	0.2526316
NOTE	63	13.6463556289673	0.276801317930222	0
NOTE	64	14.4204795987983	0.211026012897491	0
NOTE	65	14.5355014801025	0.817288517951965	0
NOTE	66	14.6669540405273	0.823117911815643	0
NOTE	67	14.9146928787231	0.231012761592865	0
NOTE	68	15.1588954925537	0.245169907808304	0
NOTE	69	15.3518018722534	0.801465690135956	0
NOTE	70	15.4870471954346	0.800632894039154	0
NOTE	71	15.8118877912823	0.265989363193512	0
NOTE	72	16.0009994506836	0.769820153713226	0.2095270
NOTE	73	16.3865561987224	0.609093964099884	0
NOTE	74	16.6747417449951	0.241838812828064	0
NOTE	75	16.8411064147949	0.753164529800415	0
NOTE	76	16.9627023496126	0.753997325897217	0
NOTE	77	17.1194343566895	0.260992705821991	0
NOTE	78	17.2824859619141	0.774816751480103	0
NOTE	79	17.4923057556152	0.273484379053116	0
NOTE	80	17.8020155555324	0.579113960266113	0
NOTE	81	17.903923034668	0.726515650749207	0
NOTE	82	18.0227336883545	0.555796146392822	0
NOTE	83	18.1289081573486	0.70985996723175	0
NOTE	84	18.2451934814453	0.564123868942261	0
NOTE	85	18.3685894012451	0.658227801322937	0
NOTE	86	18.9358501434326	0.336917161941528	0
NOTE	87	19.0488548278809	0.760659575462341	0
NOTE	88	19.1380863189697	0.341081082820892	0
NOTE	89	19.6892147064209	0.119029574096203	0
NOTE	90	19.8067607879639	0.119029574096203	0
NOTE	91	20.0734977722168	0.773151218891144	0.1370285
NOTE	92	20.384208779586	0.300133287906647	0
NOTE	93	19.369421005249	0.762325048446655	0.08186574
NOTE	94	21.2142005217703	0.680712878704071	0
NOTE	95	22.366189956665	0.722365081310272	0
NOTE	96	22.4377613067627	0.877261757850647	0
NOTE	97	22.576322555542	0.709873497486115	0
NOTE	98	22.6741256713867	0.839786887168884	0
NOTE	99	22.7358436584473	0.70570957660675	0
NOTE	100	22.0355572449534	0.73734176158905	0
NOTE	101	21.3676167789258	0.1760493516922	0
NOTE	102	21.43918800354	0.330946028232574	0
NOTE	103	21.5777492523193	0.163557752966881	0
NOTE	104	21.6755523681641	0.293471127748489	0
NOTE	105	21.7463340759277	0.159393832087517	0
NOTE	106	22.9312763214111	0.254330486059189	0.2266186
NOTE	107	23.4987983703613	0.768154561519623	0
NOTE	108	23.6654162657888	0.20019993185997	0
NOTE	109	23.8297328948975	0.801465630531311	0
NOTE	110	24.0825252532959	0.201032698154449	0
NOTE	111	24.0825252532959	0.803964018821716	0
NOTE	112	24.3492259979248	0.212691590189934	0
NOTE	113	24.3492259979248	0.815622925758362	0
NOTE	114	24.4592304229736	0.483344465494156	0
NOTE	115	24.5737743377686	0.679880023002625	0
NOTE	116	24.7578372955322	0.508327841758728	0
NOTE	117	24.9302139282227	0.20686212182045	0
NOTE	118	24.9302139282227	0.84227180480957	0
NOTE	119	25.2095508575439	0.200199887156487	0
NOTE	120	25.2095508575439	0.835609555244446	0
NOTE	121	26.6401792297838	0.805642861872911	0
NOTE	122	26.106782913208	0.818121194839478	0
NOTE	123	26.216272354126	0.679880082607269	0
NOTE	124	26.324499130249	0.818953990936279	0
NOTE	125	25.797074167352	0.785642862319946	0
NOTE	126	25.9176273345947	0.255163282155991	0
NOTE	127	25.9917278289795	0.385076701641083	0
NOTE	128	26.0986881256104	0.263491064310074	0
NOTE	129	26.9304172616256	0.215189903974533	0
NOTE	130	27.0295276641846	0.668221175670624	0
NOTE	131	27.1298999786377	0.837275147438049	0
NOTE	132	27.2368621826172	0.68237841129303	0
NOTE	133	27.5128832407471	0.25266495347023	0
NOTE	134	27.4989795684814	0.806462347507477	0
NOTE	135	27.3351383209229	0.854763507843018	0
NOTE	136	28.2480770914178	0.820619583129883	0
NOTE	137	28.3795318603516	0.818121254444122	0
NOTE	138	28.6325778961182	0.251832187175751	0.2526316
NOTE	139	28.0793800354004	0.144947677850723	0
NOTE	140	29.074487786544	0.80562961101532	0
NOTE	141	29.2110366821289	0.300776302814484	0
NOTE	142	29.4259090423584	0.304107338190079	0
NOTE	143	29.7869300842285	0.777315139770508	0.2526316
NOTE	144	30.3845637973986	0.19770160317421	0
NOTE	145	30.5619945526123	0.840606272220612	0
NOTE	146	30.647523246771	0.684043884277344	0
NOTE	147	30.7330519409296	0.926382422447205	0
NOTE	148	30.8185806274414	0.706529021263123	0
NOTE	149	30.9470310211182	0.281812161207199	0
NOTE	150	31.1568965911865	0.28347772359848	0
NOTE	151	31.4690895080566	0.690706193447113	0
NOTE	152	31.5924797058105	0.935542941093445	0
NOTE	153	31.7373638153076	0.664890110492706	0
NOTE	154	31.8144645690918	0.937208533287048	0
NOTE	155	31.937068939209	0.696535646915436	0
NOTE	156	32.0852052538018	0.189373791217804	0.2526316
NOTE	157	32.6438827514648	0.902231812477112	0
NOTE	158	32.7968215440449	0.206862181425095	0
NOTE	159	32.8987655639648	0.678214490413666	0
NOTE	160	33.2059105571948	0.239340484142303	0
NOTE	161	33.4650248477333	0.223517686128616	0
NOTE	162	33.6852111816406	0.774816811084747	0
NOTE	163	33.7946968078613	0.771485686302185	0
NOTE	164	34.0879379322654	0.17938044667244	0.2278533
NOTE	165	34.3419952392578	0.749000668525696	0.1843206
NOTE	166	34.9204576140956	0.224350482225418	0
NOTE	167	35.050646731728	0.804796814918518	0
NOTE	168	35.2452984358135	0.301798820495605	0
NOTE	169	35.3694190979004	0.724850118160248	0
NOTE	170	35.5269352511356	0.724017322063446	0
NOTE	171	35.816384867618	0.739007353782654	0
NOTE	172	36.0767631530762	0.169387146830559	0
NOTE	173	36.1879920959473	0.735676169395447	0
NOTE	174	36.3708306864688	0.36092609167099	0
NOTE	175	36.6526985168457	0.727348446846008	0.2526316
NOTE	176	36.52629927585	0.550799489021301	0
NOTE	177	37.2301066047267	0.297634959220886	0
NOTE	178	37.369499206543	0.895674407482147	0
NOTE	179	37.5262336730957	0.895674407482147	0
NOTE	180	37.7951011657715	0.262658298015594	0
NOTE	181	38.0734786987305	0.787931561470032	0
NOTE	182	38.1866035461426	0.2386464625597	0
NOTE	183	38.6718608454654	0.345936089754105	0
NOTE	184	38.958553314209	0.564123928546906	0.1993417
NOTE	185	38.3400535583496	0.749031782150269	0.2526316
NOTE	186	39.4684104919434	0.110689893364906	0
NOTE	187	39.7212584144191	0.289032608270645	0
NOTE	188	39.897533416748	0.280211687088013	0
NOTE	189	39.5940702588935	0.780064642429352	0
NOTE	190	40.0559616088867	0.283151984214783	0
NOTE	191	40.383975982666	0.806527495384216	0
NOTE	192	40.6544905210796	0.221405476331711	0
NOTE	193	40.8039923216167	0.803587198257446	0
NOTE	194	40.9914321899414	0.231696516275406	0
NOTE	195	41.1587829589844	0.228756204247475	0
NOTE	196	41.7691796453376	0.211114346981049	0
NOTE	197	41.9253730773926	0.662452220916748	0
NOTE	198	42.1177966218246	0.233166664838791	0
NOTE	199	42.2561416625977	0.90796822309494	0
NOTE	200	42.4212646484375	0.90796822309494	0
NOTE	201	42.6466313412315	0.214054673910141	0
NOTE	202	42.9463691711426	0.702146410942078	0
NOTE	203	43.116455078125	0.68744483590126	0
NOTE	204	43.2637252807617	0.250808566808701	0
NOTE	205	43.4266128540039	0.699206113815308	0
NOTE	206	43.5627288818359	0.271390825510025	0.1776551
NOTE	207	44.0809296055844	0.209644198417664	0
NOTE	208	44.2371255004505	0.721258401870728	0
NOTE	209	44.3732391200142	0.721258401870728	0
NOTE	210	44.5517486773039	0.211114346981049	0
NOTE	211	44.6325798034668	0.656571567058563	0
NOTE	212	44.9345512390137	0.224789589643478	0
NOTE	213	45.2157020568848	0.872851967811584	0
NOTE	214	45.3758277893066	0.204454883933067	0
NOTE	215	45.4969940185547	0.737430155277252	0
NOTE	216	45.6491088867188	0.402234584093094	0
NOTE	217	45.7896864037765	0.158188760280609	0.3155754
NOTE	218	46.3688429280331	0.740370452404022	0
NOTE	219	46.5031585693359	0.169390007853508	0
NOTE	220	46.6656150817871	0.627168491482735	0
NOTE	221	46.7977027893066	0.184091538190842	0
NOTE	222	46.9405097961426	0.181151241064072	0
NOTE	223	47.235237121582	0.885563373565674	0
NOTE	224	47.5100364685059	0.586390435695648	0
NOTE	225	47.7278366088867	0.601462006568909	0
NOTE	226	47.8603591918945	0.629024922847748	0
NOTE	227	48.0757217407227	0.905703008174896	0.4200536
NOTE	228	48.6599884033203	0.128785669803619	0
NOTE	229	48.8384968105115	0.752131700515747	0
NOTE	230	49.0037651062012	0.752131760120392	0
NOTE	231	49.2071952819824	0.318435728549957	0.2526316
NOTE	232	49.7796623832301	0.746251106262207	0
NOTE	233	49.9470138549805	0.165539532899857	0
NOTE	234	50.1545295715332	0.752131700515747	0
NOTE	235	50.3062656804135	0.750661551952362	0.2200501
NOTE	236	50.947193145752	0.184651538729668	0
NOTE	237	51.0855369567871	0.759482502937317	0
NOTE	238	51.2223854064941	0.265510141849518	0
NOTE	239	51.3694190979004	0.283151984214783	0.2526316
NOTE	240	52.0752639770508	0.860923171043396	0
NOTE	241	52.2095260620117	0.222875624895096	0
NOTE	242	52.3614044189453	0.680094003677368	0
NOTE	243	52.5109062194824	0.705086648464203	0.2526316
NOTE	244	53.2417995804235	0.211114346981049	0.2526316
NOTE	245	53.7840232849121	0.812408089637756	0.1107136
NOTE	246	54.3758588088186	0.216995000839233	0.2526316
NOTE	247	54.9215507507324	0.174360498785973	0
NOTE	248	54.9215507507324	0.862393438816071	0
NOTE	249	55.2004699707031	0.306674510240555	0
NOTE	250	55.2004699707031	0.719788312911987	0
NOTE	251	55.4905471801758	0.359600126743317	0
NOTE	252	55.4905471801758	0.680094063282013	0
NOTE	253	55.7945365905762	0.214054638781167	0.2526316
NOTE	254	55.7945365905762	0.810937881469727	0.2526316
NOTE	255	56.9404640236453	0.852990210056305	0
NOTE	256	57.7777490113911	0.243457794189453	0
NOTE	257	58.0388221740723	0.769773542881012	0
NOTE	258	58.3323642329166	0.331667125225067	0
NOTE	259	58.653681504099	0.314025282859802	0
NOTE	260	58.948745652249	0.747721254825592	0
NOTE	261	59.2031218378167	0.243457794189453	0
NOTE	262	59.4931983947754	0.727139055728912	0.2526316
NOTE	263	60.074591611561	0.205233752727509	0
NOTE	264	60.3646696994179	0.734489858150482	0
NOTE	265	60.6325798034668	0.268450409173965	0.2526316
NOTE	266	60.945930480957	0.91825932264328	0
NOTE	267	61.0318298339844	0.791825950145721	0
NOTE	268	61.1177253723145	0.665392518043518	0
NOTE	269	61.2036247253418	0.538959085941315	0
NOTE	270	61.2895202636719	0.412525683641434	0
NOTE	271	61.3754196166992	0.286092281341553	0
NOTE	272	61.5044288635254	0.131725937128067	0.1842453
NOTE	273	62.3350162506104	0.774184048175812	0
NOTE	274	62.4711303710938	0.21993525326252	0
NOTE	275	62.6607933044434	0.781534790992737	0
NOTE	276	62.8102989196777	0.778594493865967	0
NOTE	277	63.2511134147644	0.233166664838791	0
NOTE	278	63.5032577514648	0.731549501419067	0
NOTE	279	63.6996192932129	0.730079412460327	0
NOTE	280	63.8759002685547	0.269920587539673	0
NOTE	281	64.0768661499023	0.896206974983215	0.2526316
NOTE	282	64.6507034301758	0.150837942957878	0
NOTE	283	64.8721084594727	0.862393379211426	0
NOTE	284	64.9531784057617	0.275801211595535	0
NOTE	285	65.2164688110352	0.835930585861206	0.2572159
NOTE	286	65.5043206465872	0.237577140331268	0
NOTE	287	65.7793062862597	0.744780898094177	0
NOTE	288	66.0693817138672	0.234636858105659	0
NOTE	289	66.3550033569336	0.206703916192055	0.1713124
NOTE	290	66.9163052910253	0.768303394317627	0
NOTE	291	67.0680313110352	0.239047318696976	0
NOTE	292	67.3674163818359	0.775654196739197	0
NOTE	293	67.179606939617	0.763892948627472	0
NOTE	294	67.5014495849609	0.184651523828506	0
NOTE	295	67.7937545776367	0.197882980108261	0
NOTE	296	68.0704498291016	0.821229040622711	0
NOTE	297	68.2115249633789	0.237577199935913	0
NOTE	298	68.3729172756797	0.753601849079132	0
NOTE	299	68.6250610351563	0.791825890541077	0.2526316
NOTE	300	69.5159057817961	0.268450438976288	0
NOTE	301	69.7814388275146	0.807997584342957	0
NOTE	302	69.2302904630962	0.647750616073608	0
NOTE	303	70.0844879150391	0.142017021775246	0
NOTE	304	70.1971618669133	0.352543336309885	0
NOTE	305	70.3388442993164	0.152014076709747	0
NOTE	306	70.4782943725586	0.386062890291214	0
NOTE	307	70.5664291381836	0.160541027784348	0
NOTE	308	70.9122631675319	0.796236395835876	0
NOTE	309	41.2738151550293	0.762422800064087	0.2526316
NOTE	310	57.9317135057951	0.246398091316223	0
NOTE	311	59.078165079418	0.749191403388977	0
NOTE	312	62.9486427307129	0.225815892219543	0
NOTE	313	71.2179608595999	0.587474226951599	0.2526316
NOTE	314	56.9404640236453	0.189061999320984	0
LINK 28 29
LINK 45 46
LINK 48 49
LINK 80 81 82 83 84 85
LINK 95 96 97 98 99
LINK 101 102 103 104 105
LINK 114 115 116
LINK 122 123 124
LINK 126 127 128
LINK 130 131 132 135
LINK 145 146 147 148
LINK 151 152 153 154 155
LINK 266 267 268 269 270 271
LINK 303 304 305 306 307
