VERSION 2
BPM 340
PAGE_SHIFT 0
PAGE_SIZE 0.705882352941177
NOTE	0	1.74003528592943	0.246016755700111	0
NOTE	1	1.06610035896301	0.856919050216675	0
NOTE	2	2.33034126220211	0.793143570423126	0
NOTE	3	3.02353310585022	0.167430311441422	0
NOTE	4	3.74518752098084	0.759577572345734	0
NOTE	5	4.44299650192261	0.266156405210495	0
NOTE	6	5.06989908218384	0.658879339694977	0
NOTE	7	5.7112613339578	0.271750748157501	0.2322581
NOTE	8	6.34329010594276	0.777479410171509	0
NOTE	9	6.93259859085083	0.199024349451065	0
NOTE	10	7.7477822303772	0.359022557735443	0
NOTE	11	8.39527034759521	0.812164306640625	0
NOTE	12	9.08949375152588	0.195667743682861	0
NOTE	13	9.7723217010498	0.55370569229126	0
NOTE	14	10.3892087936401	0.855800211429596	0
NOTE	15	11.0618292131732	0.159863948822021	0
NOTE	16	11.3555068969727	0.822234153747559	0
NOTE	17	12.0827912361391	0.757339715957642	0
NOTE	18	12.5680627822876	0.204618692398071	0
NOTE	19	12.941200225584	0.746151089668274	0
NOTE	20	13.9540815353394	0.823352932929993	0.1635655
NOTE	21	16.2563743591309	0.241541296243668	0
NOTE	22	17.4052567405085	0.215807318687439	0
NOTE	23	17.9293632507324	0.800807356834412	0
NOTE	24	18.4069442749023	0.196662619709969	0
NOTE	25	20.1364002227783	0.288533806800842	0.1577179
NOTE	26	22.5669078826904	0.848387360572815	0
NOTE	27	23.0698191089357	0.162101686000824	0
NOTE	28	23.7564904762361	0.805451154708862	0.2322581
NOTE	29	116.050704956055	0.545873641967773	0.1598214
NOTE	30	25.2297687530518	0.769059896469116	0
NOTE	31	25.7480659484863	0.512466967105865	0
NOTE	32	26.401912689209	0.248298853635788	0.1244031
NOTE	33	26.401912689209	0.786418557167053	0.1244031
NOTE	34	26.9133949279785	0.102217122912407	0
NOTE	35	27.0883442514083	0.798569679260254	0
NOTE	36	27.2451455593109	0.215317338705063	0.2117647
NOTE	37	28.0544033050537	0.166712954640388	0
NOTE	38	28.6160530437338	0.800305485725403	0
NOTE	39	29.0686435699463	0.206637931297575	0.2117647
NOTE	40	29.7396125793457	0.866268575191498	0
NOTE	41	29.5511935738956	0.146750450134277	0
NOTE	42	30.7575702667236	0.769059836864471	0.1897982
NOTE	43	31.4119777679443	0.2387515604496	0.1669696
NOTE	44	31.9650535583496	0.78381472826004	0.2117647
NOTE	45	34.1153411865234	0.808890402317047	0
NOTE	46	34.3691177368164	0.464337915182114	0
NOTE	47	34.7378425598145	0.679060339927673	0
NOTE	48	38.2872581481934	0.168094575405121	0
NOTE	49	38.574462890625	0.835837662220001	0
NOTE	50	39.2905654907227	0.212807968258858	0
NOTE	51	39.719482421875	0.631926119327545	0
NOTE	52	40.0128631591797	0.23701573908329	0
NOTE	53	40.5924415588379	0.127655863761902	0.2117647
NOTE	54	40.5924415588379	0.867136478424072	0.2117647
NOTE	55	43.3806381225586	0.222260788083076	0
NOTE	56	43.6677384527752	0.887099027633667	0
NOTE	57	43.9577444559243	0.276072790344994	0
NOTE	58	44.3961255971123	0.193618983030319	0
NOTE	59	44.747127532959	0.800305545330048	0
NOTE	60	45.0872302616344	0.193618983030319	0
NOTE	61	46.0826988220215	0.191821068525314	0
NOTE	62	46.3588485717773	0.505113124847412	0
NOTE	63	46.5892333984375	0.221392884850502	0.1476087
NOTE	64	48.768196105957	0.22139285504818	0
NOTE	65	49.0299034118652	0.788154423236847	0
NOTE	66	49.3225250244141	0.226600497961044	0
NOTE	67	49.7362098693848	0.619775056838989	0
NOTE	68	49.9979123227737	0.14327871799469	0
NOTE	69	50.4228935241699	0.840230524539948	0
NOTE	70	51.0798301696777	0.556415736675262	0
NOTE	71	51.3599853515625	0.802909314632416	0.1694264
NOTE	72	52.0831115666558	0.775135397911072	0.1521825
NOTE	73	53.4043273925781	0.153693911916422	0
NOTE	74	53.7628021240234	0.759512656467441	0
NOTE	75	54.0554249286652	0.251770615577698	0
NOTE	76	54.3920703284881	0.796833753585815	0
NOTE	77	54.7233390808105	0.177128195762634	0
NOTE	78	55.0578231811523	0.780954122543335	0
NOTE	79	55.397331237793	0.405834943056107	0
NOTE	80	55.663745880127	0.201430350542068	0.1009600
NOTE	81	55.663745880127	0.823739767074585	0.1009600
NOTE	82	56.3901824951172	0.205770060420036	0
NOTE	83	56.7663230895996	0.84370219707489	0
NOTE	84	57.0699882507324	0.119844455716326	0
NOTE	85	57.0699882507324	0.888834893703461	0
NOTE	86	57.3768157958984	0.279544512899355	0
NOTE	87	57.3768157958984	0.733474493026733	0
NOTE	88	57.7666116742527	0.204902082681656	0
NOTE	89	58.0499961446313	0.819400072097778	0
NOTE	90	58.4154977930869	0.112900972366333	0
NOTE	91	58.4154977930869	0.894910372322656	0
NOTE	92	58.6759490966797	0.296903231392049	0
NOTE	93	58.6759490966797	0.695285379886627	0
NOTE	94	59.0926704406738	0.342877149581909	0
NOTE	95	59.3977165783153	0.795965850353241	0
NOTE	96	59.7378208496991	0.221392869949341	0
NOTE	97	60.4278182983398	0.134599357843399	0
NOTE	98	60.6641235351563	0.81679630279541	0
NOTE	99	61.0744972229004	0.259581994299555	0.1886607
NOTE	100	61.0744972229004	0.786418557167053	0.1886607
NOTE	101	61.7887887533973	0.177128165960312	0
NOTE	102	62.060432434082	0.818532109260559	0
NOTE	103	62.4233207702637	0.409734785556793	0
NOTE	104	62.679500579834	0.810720682144165	0.1440288
NOTE	105	63.0581085541669	0.153693914413452	0
NOTE	106	63.3684005737305	0.522566378116608	0
NOTE	107	63.7368087768555	0.172788515686989	0
NOTE	108	63.7368087768555	0.831551134586334	0
NOTE	109	64.0879592895508	0.164109140634537	0
NOTE	110	64.0879592895508	0.822003841400146	0
NOTE	111	64.7326812744141	0.390362679958344	0
NOTE	112	64.3805999755859	0.675768613815308	0
NOTE	113	65.0944595336914	0.807249009609222	0
NOTE	114	65.4014434814453	0.199694484472275	0
NOTE	115	35.3694190979004	0.250492244958878	0.4726847
NOTE	116	35.3694190979004	0.783073723316193	0.4726847
NOTE	117	51.7904739379883	0.180003568530083	0.1894737
NOTE	118	52.4248962402344	0.473147124052048	0.1894737
NOTE	119	60.098030090332	0.769647300243378	0
NOTE	120	65.7210277067988	0.691326498985291	0
NOTE	121	66.0114135486686	0.242660194635391	0
NOTE	122	66.2852554321289	0.247135654091835	0
NOTE	123	66.0114135486686	0.746151089668274	0
NOTE	124	66.2852554321289	0.747269928455353	0
NOTE	125	67.0784382067229	0.213569581508636	0
NOTE	126	67.3357086181641	0.636501908302307	0
NOTE	127	67.7406571474568	0.165458291769028	0
NOTE	128	67.7406571474568	0.845730413198257	0
NOTE	129	68.0272292787206	0.165458291769028	0
NOTE	130	68.0272292787206	0.845730413198257	0
NOTE	131	68.3950958251953	0.400420665740967	0
NOTE	132	68.6969460186205	0.8792964220047	0
NOTE	133	69.0025442273993	0.228114902973175	0
NOTE	134	69.2960815429688	0.773003876209259	0
NOTE	135	70.0658117093538	0.73608124256134	0
NOTE	136	70.3612289428711	0.14755642414093	0
NOTE	137	70.6605377197266	0.897198379039764	0
NOTE	138	71.0946273803711	0.392588645219803	0
NOTE	139	71.3671817528574	0.854681372642517	0
NOTE	140	71.7323379516602	0.284058302640915	0
NOTE	141	72.7627248701296	0.166577160358429	0
NOTE	142	73.0365524291992	0.166577160358429	0
NOTE	143	73.4451722973271	0.830066204071045	0
NOTE	144	73.7291952685306	0.830066204071045	0
NOTE	145	83.4047164916992	0.483216971158981	0
NOTE	146	83.7274780273438	0.887128591537476	0
NOTE	147	83.9987564086914	0.887128591537476	0
NOTE	148	84.3986139046518	0.199024349451065	0
NOTE	149	84.7881240844727	0.783073723316193	0
NOTE	150	85.1024169921875	0.420560240745544	0
NOTE	151	94.337028503418	0.853562474250793	0
NOTE	152	85.6787872314453	0.877386510372162	0
NOTE	153	86.0856643475984	0.282939493656158	0
NOTE	154	85.3477020263672	0.71817934513092	0
NOTE	155	94.0635604858398	0.489930182695389	0
NOTE	156	94.6185073852539	0.859156787395477	0
NOTE	157	95.0997161990718	0.199024349451065	0
NOTE	158	95.3327941894531	0.808807730674744	0
NOTE	159	95.7453765869141	0.222520634531975	0
NOTE	160	96.7461700439453	0.22028286755085	0
NOTE	161	96.7461700439453	0.781954884529114	0
NOTE	162	97.0582122802734	0.131892219185829	0
NOTE	163	97.0582122802734	0.866988880787261	0
NOTE	164	97.4680979000895	0.436224460601807	0
NOTE	165	97.8957366943359	0.806569993495941	0
NOTE	166	98.3481102742647	0.215807318687439	0.1782055
NOTE	167	98.8165969848633	0.796500086784363	0
NOTE	168	99.2559204101563	0.241541266441345	0.1894737
NOTE	169	100.102671566762	0.792024672031403	0
NOTE	170	100.558567580424	0.334407448768616	0
NOTE	171	101.624382019043	0.813283145427704	0
NOTE	172	101.741477966309	0.18895448744297	0.1894737
NOTE	173	102.778009489963	0.719298243522644	0
NOTE	174	103.301401113209	0.193430036306381	0
NOTE	175	103.740582233981	0.723773717880249	0
NOTE	176	104.424460818893	0.193430036306381	0
NOTE	177	104.646075148331	0.787549197673798	0
NOTE	178	105.474685668945	0.210213036347831	0.3147838
NOTE	179	105.474685668945	0.809926688671112	0.3147838
NOTE	180	108.068732060884	0.167695999145508	0
NOTE	181	108.401153564453	0.864751219749451	0
NOTE	182	108.401153564453	0.17105259001255	0
NOTE	183	108.893836975098	0.752864301204681	0
NOTE	184	109.060684204102	0.297484785318375	0
NOTE	185	109.730543864401	0.218045055866241	0
NOTE	186	109.874465816899	0.800975680351257	0
NOTE	187	110.719870755547	0.165458261966705	0
NOTE	188	111.048471325322	0.785311460494995	0
NOTE	189	111.724548339844	0.364616870880127	0
NOTE	190	112.242847517917	0.157626211643219	0
NOTE	191	112.422050476074	0.800975680351257	0.1894737
NOTE	192	113.451241468128	0.263918697834015	0
NOTE	193	113.890422570078	0.748388826847076	0
NOTE	194	114.407455444336	0.233709260821342	0.2241189
NOTE	195	114.893981933594	0.803213357925415	0
NOTE	196	115.078438206723	0.300841361284256	0
NOTE	197	115.30005645752	0.31091120839119	0
NOTE	198	20.7427959442139	0.837898313999176	0.2572046
NOTE	199	21.4746837615967	0.254967749118805	0.1894737
NOTE	200	21.4746837615967	0.750626504421234	0.1894737
NOTE	201	75.1588973999023	0.522377371788025	0.3147838
NOTE	202	75.7360882633611	0.180003553628922	0
NOTE	203	76.1714553833008	0.630907595157623	0
NOTE	204	76.3956222293318	0.864751100540161	0
NOTE	205	76.7890974596927	0.218045055866241	0
NOTE	206	77.0353546142578	0.703634083271027	0
NOTE	207	77.4358825683594	0.554824531078339	0
NOTE	208	77.7516708374023	0.28182053565979	0
NOTE	209	78.42520969165	0.204618692398071	0
NOTE	210	78.7544860839844	0.644334018230438	0
NOTE	211	79.3956508887442	0.813283205032349	0
NOTE	212	79.7354888916016	0.466433942317963	0
NOTE	213	80.1252232225318	0.172171473503113	0
NOTE	214	81.0737915039063	0.299722522497177	0
NOTE	215	81.3901824951172	0.717060446739197	0
NOTE	216	82.1091079711914	0.451888620853424	0
NOTE	217	82.4426651000977	0.240422427654266	0
NOTE	218	87.0497449114758	0.267275273799896	0
NOTE	219	87.4456221178958	0.804332256317139	0
NOTE	220	87.7511520385742	0.328813076019287	0
NOTE	221	88.0858917236328	0.134129911661148	0
NOTE	222	88.3982391357422	0.796500146389008	0
NOTE	223	76.3956222293318	0.22363942861557	0
NOTE	224	77.7516708374023	0.799856722354889	0
NOTE	225	79.0670547485352	0.260562092065811	0
NOTE	226	79.0670547485352	0.826709628105164	0
NOTE	227	80.3989868164063	0.815520942211151	0
NOTE	228	80.3989868164063	0.235946953296661	0
NOTE	229	81.7309188842773	0.237065836787224	0
NOTE	230	81.7309188842773	0.804332256317139	0
NOTE	231	83.075591851878	0.218045055866241	0
NOTE	232	83.075591851878	0.775241672992706	0
NOTE	233	87.0497449114758	0.783073723316193	0
NOTE	234	88.3982391357422	0.294128090143204	0
NOTE	235	89.0678741429982	0.225877165794373	0
NOTE	236	89.4156494140625	0.598460495471954	0
NOTE	237	89.7363128662109	0.241541296243668	0
NOTE	238	89.7363128662109	0.808807671070099	0
NOTE	239	90.1056686953494	0.773003935813904	0
NOTE	240	90.3369522094727	0.382518768310547	0
NOTE	241	91.0746231079102	0.26839417219162	0
NOTE	242	91.0746231079102	0.811045467853546	0
NOTE	243	90.7462433262875	0.129654437303543	0
NOTE	244	91.7253799438477	0.157626211643219	0
NOTE	245	92.0565185546875	0.654403865337372	0
NOTE	246	92.4027328491211	0.266156435012817	0
NOTE	247	92.4027328491211	0.818877518177032	0
NOTE	248	93.7448529838425	0.202380955219269	0
NOTE	249	93.7448529838425	0.805451154708862	0
NOTE	250	93.0943222045898	0.445175468921661	0
NOTE	251	92.7899169921875	0.818877577781677	0
NOTE	252	93.3578872680664	0.826709628105164	0
NOTE	253	13.3981261567066	0.182241290807724	0
NOTE	254	13.6146459579468	0.476503729820251	0
NOTE	255	19.0746212005615	0.817758679389954	0.3477048
NOTE	256	24.1820192211553	0.541398108005524	0
NOTE	257	24.4010862802204	0.19454887509346	0.1894737
NOTE	258	29.9631010419444	0.41272822022438	0
NOTE	259	32.975722739571	0.287414968013763	0
NOTE	260	33.3654594421387	0.84349262714386	0
NOTE	261	33.7360191345215	0.145318686962128	0
NOTE	262	34.9438056945801	0.359022527933121	0
NOTE	263	38.9402122497559	0.440699994564056	0
NOTE	264	40.3613003931548	0.659998178482056	0
NOTE	265	41.1506649318494	0.289652705192566	0
NOTE	266	41.4133377075195	0.605173647403717	0
NOTE	267	16.4203060094048	0.813283205032349	0.2117647
NOTE	268	45.4140686217476	0.685732185840607	0
NOTE	269	45.740047454834	0.871464371681213	0
NOTE	270	50.7837982177734	0.171052619814873	0
NOTE	271	72.088134765625	0.768528461456299	0
NOTE	272	72.3756750751944	0.934121012687683	0
NOTE	273	82.8074111938477	0.710347294807434	0
NOTE	274	86.397954379811	0.827828526496887	0
NOTE	275	86.654182434082	0.0938506722450256	0
NOTE	276	96.1080627441406	0.899436056613922	0
NOTE	277	96.402717590332	0.632026433944702	0
NOTE	278	99.0458526611328	0.781954824924469	0
NOTE	279	101.099142796853	0.785311460494995	0.2117647
NOTE	280	14.6741050271427	0.258324354887009	0.1494244
NOTE	281	15.0711755752563	0.720417082309723	0.2117647
NOTE	282	15.5762624740601	0.429511278867722	0.2117647
