VERSION 2
BPM 380
PAGE_SHIFT 0
PAGE_SIZE 0.631578947368421
NOTE	0	1.24449706077576	0.167693004012108	0
NOTE	1	1.74003528592943	0.246016755700111	0
NOTE	2	1.06610035896301	0.856919050216675	0
NOTE	3	1.54738700389862	0.633145272731781	0
NOTE	4	2.33034126220211	0.793143570423126	0
NOTE	5	2.5333028301116	0.293009281158447	0
NOTE	6	2.8622682094574	0.84005331993103	0
NOTE	7	3.02353310585022	0.167430311441422	0
NOTE	8	3.74234056472778	0.326575398445129	0
NOTE	9	3.87196755409241	0.776360511779785	0
NOTE	10	4.25698280334473	0.13189223408699	0
NOTE	11	4.43453073501587	0.80768883228302	0
NOTE	12	5.5405707359314	0.8792964220047	0
NOTE	13	5.06989908218384	0.658879339694977	0
NOTE	14	5.2476634979248	0.25272998213768	0
NOTE	15	5.7112613339578	0.271750748157501	0.2322581
NOTE	16	6.34329010594276	0.777479410171509	0
NOTE	17	6.8678674697876	0.765171825885773	0
NOTE	18	6.50253677368164	0.188954547047615	0
NOTE	19	7.06761646270752	0.282939463853836	0
NOTE	20	7.7477822303772	0.359022557735443	0
NOTE	21	7.86513600041789	0.812164306640625	0
NOTE	22	8.25388526916504	0.138605386018753	0
NOTE	23	8.43655097100043	0.81663978099823	0
NOTE	24	9.08949375152588	0.305316865444183	0
NOTE	25	9.57788753509521	0.121822468936443	0
NOTE	26	9.77104759216309	0.799856781959534	0
NOTE	27	9.2852897644043	0.856919050216675	0
NOTE	28	10.3892087936401	0.855800211429596	0
NOTE	29	10.5952939987183	0.849086999893188	0
NOTE	30	11.0618292131732	0.159863948822021	0
NOTE	31	11.3631491045798	0.159863948822021	0
NOTE	32	10.8397102355957	0.157626211643219	0
NOTE	33	12.0827912361391	0.757339715957642	0
NOTE	34	12.5680627822876	0.204618692398071	0
NOTE	35	12.941200225584	0.746151089668274	0
NOTE	36	13.4042835235596	0.183360159397125	0
NOTE	37	13.570291519165	0.436224520206451	0
NOTE	38	13.7351379394531	0.181122496724129	0
NOTE	39	13.8066816329956	0.454126387834549	0
NOTE	40	13.9540815353394	0.823352932929993	0.5620471
NOTE	41	14.7377328872681	0.218044966459274	0
NOTE	42	15.0780849456787	0.824471890926361	0
NOTE	43	15.482871055603	0.244897916913033	0
NOTE	44	15.5758457183838	0.74503219127655	0
NOTE	45	16.2563743591309	0.241541296243668	0
NOTE	46	16.4054183959961	0.542517006397247	0
NOTE	47	16.502742767334	0.729368031024933	0
NOTE	48	16.5858707427979	0.58503395318985	0
NOTE	49	16.6701374053955	0.833422780036926	0
NOTE	50	16.9038887023926	0.929645538330078	0
NOTE	51	17.4052567405085	0.215807318687439	0
NOTE	52	17.9293632507324	0.800807356834412	0
NOTE	53	18.4069442749023	0.196662619709969	0
NOTE	54	19.089472370763	0.207975268363953	0
NOTE	55	19.2768215671662	0.819996356964111	0
NOTE	56	20.1300315856934	0.180003615242505	0.08049473
NOTE	57	20.1300315856934	0.854681313037872	0.08049473
NOTE	58	22.5669078826904	0.171471804380417	0
NOTE	59	23.0698191089357	0.849494415535876	0
NOTE	60	22.5669078826904	0.848387360572815	0
NOTE	61	23.0698191089357	0.162101686000824	0
NOTE	62	23.7564904762361	0.203499794006348	0.2322581
NOTE	63	23.7564904762361	0.805451154708862	0.2322581
NOTE	64	24.226978302002	0.403777331113815	0
NOTE	65	24.402681350708	0.615473747253418	0
NOTE	66	24.5224418640137	0.345230162143707	0
NOTE	67	24.6734924316406	0.579439580440521	0
NOTE	68	116.050704956055	0.205737560987473	0.1598214
NOTE	69	116.050704956055	0.808807730674744	0.1598214
NOTE	70	25.2297687530518	0.216185241937637	0
NOTE	71	25.2297687530518	0.769059896469116	0
NOTE	72	25.8576736450195	0.251770615577698	0
NOTE	73	25.8576736450195	0.778607130050659	0
NOTE	74	26.401912689209	0.248298853635788	0.1244031
NOTE	75	26.401912689209	0.786418557167053	0.1244031
NOTE	76	26.9133949279785	0.102217122912407	0
NOTE	77	27.0883442514083	0.798569679260254	0
NOTE	78	27.2451455593109	0.215317338705063	0.2117647
NOTE	79	28.0544033050537	0.166712954640388	0
NOTE	80	28.0544033050537	0.852381661774579	0
NOTE	81	28.6160530437338	0.205770049063389	0
NOTE	82	28.6160530437338	0.800305485725403	0
NOTE	83	29.0686435699463	0.206637931297575	0.2117647
NOTE	84	29.0686435699463	0.800305485725403	0.2117647
NOTE	85	29.7396125793457	0.866268575191498	0
NOTE	86	29.5511935738956	0.146750450134277	0
NOTE	87	29.9218120574951	0.237015694379807	0.2117647
NOTE	88	30.7575702667236	0.769059836864471	0.1897982
NOTE	89	31.4119777679443	0.2387515604496	0.1669696
NOTE	90	31.9650535583496	0.78381472826004	0.2117647
NOTE	91	32.9684790022233	0.23527979850769	0
NOTE	92	33.0788192749023	0.364602088928223	0
NOTE	93	33.1604499816895	0.223128691315651	0
NOTE	94	33.5134162902832	0.790894031524658	0
NOTE	95	33.6491508483887	0.633797764778137	0
NOTE	96	33.7583885192871	0.802177250385284	0
NOTE	97	34.0753936767578	0.137203171849251	0
NOTE	98	34.1802978515625	0.797701716423035	0
NOTE	99	34.3691177368164	0.352451056241989	0
NOTE	100	34.7245373164906	0.772531569004059	0
NOTE	101	34.8912767452352	0.155429780483246	0
NOTE	102	38.2872581481934	0.168094575405121	0
NOTE	103	38.7298469543457	0.898494303226471	0
NOTE	104	38.9015655517578	0.343839555978775	0
NOTE	105	39.2767486572266	0.891438603401184	0
NOTE	106	39.4484977722168	0.145675912499428	0
NOTE	107	39.719482421875	0.631926119327545	0
NOTE	108	40.0128631591797	0.23701573908329	0
NOTE	109	40.1519966125488	0.796833753585815	0
NOTE	110	40.5924415588379	0.127655863761902	0.2117647
NOTE	111	40.5924415588379	0.867136478424072	0.2117647
NOTE	112	41.0724601745605	0.458339124917984	0
NOTE	113	41.2114295959473	0.582453787326813	0
NOTE	114	41.2898292541504	0.382828772068024	0
NOTE	115	41.4258193969727	0.524302184581757	0
NOTE	116	43.3806381225586	0.222260788083076	0
NOTE	117	43.3806381225586	0.77253161715366	0
NOTE	118	43.6677384527752	0.11637268978636	0
NOTE	119	43.6677384527752	0.887099027633667	0
NOTE	120	43.9577444559243	0.276072790344994	0
NOTE	121	43.9577444559243	0.690077722072601	0
NOTE	122	44.3961255971123	0.193618983030319	0
NOTE	123	44.747127532959	0.800305545330048	0
NOTE	124	45.0872302616344	0.193618983030319	0
NOTE	125	45.4082414963666	0.682266354560852	0
NOTE	126	45.5647010803223	0.89777398109436	0
NOTE	127	45.6964263916016	0.707424640655518	0
NOTE	128	45.7700157165527	0.880884647369385	0
NOTE	129	46.0826988220215	0.191821068525314	0
NOTE	130	46.3588485717773	0.505113124847412	0
NOTE	131	46.5892333984375	0.221392884850502	0.1476087
NOTE	132	48.768196105957	0.22139285504818	0
NOTE	133	49.0299034118652	0.788154423236847	0
NOTE	134	49.3225250244141	0.226600497961044	0
NOTE	135	49.7362098693848	0.619775056838989	0
NOTE	136	49.9979123227737	0.14327871799469	0
NOTE	137	50.4228935241699	0.840230524539948	0
NOTE	138	50.8266410827637	0.161821231245995	0
NOTE	139	50.9413948059082	0.482254564762115	0
NOTE	140	51.0784072875977	0.159217432141304	0
NOTE	141	51.3599853515625	0.802909314632416	0.2117647
NOTE	142	52.0831115666558	0.775135397911072	0.1521825
NOTE	143	53.4043273925781	0.153693911916422	0
NOTE	144	53.4043273925781	0.874947965145111	0
NOTE	145	53.7628021240234	0.276072770357132	0
NOTE	146	53.7628021240234	0.759512656467441	0
NOTE	147	54.0554249286652	0.251770615577698	0
NOTE	148	54.3920703284881	0.796833753585815	0
NOTE	149	54.7233390808105	0.177128195762634	0
NOTE	150	54.9088521284216	0.829815268516541	0
NOTE	151	55.0578231811523	0.267393410205841	0
NOTE	152	55.3887903269599	0.756040811538696	0
NOTE	153	55.663745880127	0.201430350542068	0.1362966
NOTE	154	55.663745880127	0.823739767074585	0.1374009
NOTE	155	56.3901824951172	0.205770060420036	0
NOTE	156	56.7663230895996	0.84370219707489	0
NOTE	157	57.0699882507324	0.119844455716326	0
NOTE	158	57.0699882507324	0.888834893703461	0
NOTE	159	57.3768157958984	0.279544512899355	0
NOTE	160	57.3768157958984	0.733474493026733	0
NOTE	161	57.7666116742527	0.204902082681656	0
NOTE	162	58.0499961446313	0.819400072097778	0
NOTE	163	58.4154977930869	0.112900972366333	0
NOTE	164	58.4154977930869	0.894910372322656	0
NOTE	165	58.6759490966797	0.296903231392049	0
NOTE	166	58.6759490966797	0.695285379886627	0
NOTE	167	59.0926704406738	0.342877149581909	0
NOTE	168	59.3977165783153	0.795965850353241	0
NOTE	169	59.7378208496991	0.221392869949341	0
NOTE	170	60.4278182983398	0.134599357843399	0
NOTE	171	60.6641235351563	0.81679630279541	0
NOTE	172	61.0744972229004	0.259581994299555	0.1886607
NOTE	173	61.0744972229004	0.786418557167053	0.1886607
NOTE	174	61.7887887533973	0.177128165960312	0
NOTE	175	62.060432434082	0.818532109260559	0
NOTE	176	62.4233207702637	0.409734785556793	0
NOTE	177	62.679500579834	0.810720682144165	0.2117647
NOTE	178	63.0581085541669	0.153693914413452	0
NOTE	179	63.3684005737305	0.522566378116608	0
NOTE	180	63.7368087768555	0.172788515686989	0
NOTE	181	63.7368087768555	0.831551134586334	0
NOTE	182	64.0879592895508	0.164109140634537	0
NOTE	183	64.0879592895508	0.822003841400146	0
NOTE	184	64.7326812744141	0.390362679958344	0
NOTE	185	64.3805999755859	0.675768613815308	0
NOTE	186	65.0944595336914	0.807249009609222	0
NOTE	187	65.4014434814453	0.199694484472275	0
NOTE	188	35.3694190979004	0.250492244958878	0.4726847
NOTE	189	35.3694190979004	0.783073723316193	0.4726847
NOTE	190	38.4563026428223	0.775241732597351	0
NOTE	191	51.7904739379883	0.180003568530083	0.1894737
NOTE	192	52.4220504760742	0.359022527933121	0.1894737
NOTE	193	60.098030090332	0.769647300243378	0
NOTE	194	65.7210277067988	0.691326498985291	0
NOTE	195	66.0114135486686	0.242660194635391	0
NOTE	196	66.2852554321289	0.247135654091835	0
NOTE	197	66.0114135486686	0.746151089668274	0
NOTE	198	66.2852554321289	0.747269928455353	0
NOTE	199	67.0784382067229	0.213569581508636	0
NOTE	200	67.3357086181641	0.636501908302307	0
NOTE	201	67.7406571474568	0.165458291769028	0
NOTE	202	67.7406571474568	0.845730413198257	0
NOTE	203	68.0272292787206	0.165458291769028	0
NOTE	204	68.0272292787206	0.845730413198257	0
NOTE	205	68.3950958251953	0.400420665740967	0
NOTE	206	68.6969460186205	0.8792964220047	0
NOTE	207	69.0025442273993	0.228114902973175	0
NOTE	208	69.2903900146484	0.228114902973175	0
NOTE	209	70.0658117093538	0.73608124256134	0
NOTE	210	70.3612289428711	0.14755642414093	0
NOTE	211	70.6605377197266	0.897198379039764	0
NOTE	212	71.0946273803711	0.392588645219803	0
NOTE	213	71.3671817528574	0.854681372642517	0
NOTE	214	71.7835871545892	0.260562062263489	0
NOTE	215	72.076831020807	0.743913352489471	0
NOTE	216	72.2240524291992	0.897198379039764	0
NOTE	217	72.3277359008789	0.70922839641571	0
NOTE	218	72.4156188964844	0.922932326793671	0
NOTE	219	72.7627248701296	0.166577160358429	0
NOTE	220	73.0365524291992	0.166577160358429	0
NOTE	221	73.4451722973271	0.830066204071045	0
NOTE	222	73.7291952685306	0.830066204071045	0
NOTE	223	83.3975975701683	0.216926217079163	0
NOTE	224	83.7274780273438	0.887128591537476	0
NOTE	225	83.9987564086914	0.887128591537476	0
NOTE	226	84.3986139046518	0.199024349451065	0
NOTE	227	84.7881240844727	0.783073723316193	0
NOTE	228	85.1052627563477	0.226996004581451	0
NOTE	229	94.337028503418	0.853562474250793	0
NOTE	230	85.48681640625	0.925666093826294	0
NOTE	231	85.5734939575195	0.699022829532623	0
NOTE	232	85.6787872314453	0.877386510372162	0
NOTE	233	86.0856643475984	0.282939493656158	0
NOTE	234	86.4002532958984	0.823352992534637	0.1260625
NOTE	235	85.3477020263672	0.71817934513092	0
NOTE	236	94.0607170933171	0.235946983098984	0
NOTE	237	94.6185073852539	0.859156787395477	0
NOTE	238	95.0997161990718	0.199024349451065	0
NOTE	239	95.3327941894531	0.808807730674744	0
NOTE	240	95.7453765869141	0.222520634531975	0
NOTE	241	96.0882873535156	0.711466133594513	0
NOTE	242	96.1972961425781	0.928526639938354	0
NOTE	243	96.2857055664063	0.616362273693085	0
NOTE	244	96.4003295898438	0.883771955966949	0
NOTE	245	96.7461700439453	0.22028286755085	0
NOTE	246	96.7461700439453	0.781954884529114	0
NOTE	247	97.0582122802734	0.131892219185829	0
NOTE	248	97.0582122802734	0.866988880787261	0
NOTE	249	97.4680979000895	0.436224460601807	0
NOTE	250	97.8957366943359	0.806569993495941	0
NOTE	251	98.3481102742647	0.215807318687439	0.1782055
NOTE	252	98.8165969848633	0.796500086784363	0
NOTE	253	99.0458526611328	0.781954824924469	0
NOTE	254	99.2559204101563	0.241541266441345	0.1894737
NOTE	255	100.102671566762	0.792024672031403	0
NOTE	256	100.558567580424	0.334407448768616	0
NOTE	257	101.098366680898	0.785311460494995	0
NOTE	258	101.43970489502	0.435105621814728	0
NOTE	259	101.624382019043	0.813283145427704	0
NOTE	260	101.741477966309	0.18895448744297	0.1894737
NOTE	261	102.778009489963	0.719298243522644	0
NOTE	262	103.301401113209	0.193430036306381	0
NOTE	263	103.740582233981	0.723773717880249	0
NOTE	264	104.424460818893	0.193430036306381	0
NOTE	265	104.646075148331	0.787549197673798	0
NOTE	266	105.474685668945	0.210213036347831	0.3147838
NOTE	267	105.474685668945	0.809926688671112	0.3147838
NOTE	268	108.068732060884	0.167695999145508	0
NOTE	269	108.401153564453	0.864751219749451	0
NOTE	270	108.401153564453	0.17105259001255	0
NOTE	271	108.893836975098	0.752864301204681	0
NOTE	272	109.060684204102	0.297484785318375	0
NOTE	273	109.730543864401	0.218045055866241	0
NOTE	274	109.874465816899	0.800975680351257	0
NOTE	275	110.719870755547	0.165458261966705	0
NOTE	276	111.048471325322	0.785311460494995	0
NOTE	277	111.724548339844	0.364616870880127	0
NOTE	278	112.242847517917	0.157626211643219	0
NOTE	279	112.422050476074	0.800975680351257	0.1894737
NOTE	280	113.451241468128	0.263918697834015	0
NOTE	281	113.890422570078	0.748388826847076	0
NOTE	282	114.407455444336	0.233709260821342	0.2241189
NOTE	283	114.893981933594	0.803213357925415	0
NOTE	284	115.078438206723	0.300841361284256	0
NOTE	285	115.30005645752	0.31091120839119	0
NOTE	286	20.7491645812988	0.204618692398071	0.09166613
NOTE	287	20.7491645812988	0.828947365283966	0.07510871
NOTE	288	21.4746837615967	0.254967749118805	0.1894737
NOTE	289	21.4746837615967	0.750626504421234	0.1894737
NOTE	290	75.1588973999023	0.522377371788025	0.3147838
NOTE	291	75.7360882633611	0.180003553628922	0
NOTE	292	76.0071563720703	0.754542589187622	0
NOTE	293	76.1714553833008	0.630907595157623	0
NOTE	294	76.3956222293318	0.864751100540161	0
NOTE	295	76.7890974596927	0.218045055866241	0
NOTE	296	76.9100952148438	0.488811314105988	0
NOTE	297	77.0310897827148	0.312030047178268	0
NOTE	298	77.4358825683594	0.812164306640625	0
NOTE	299	77.7516708374023	0.28182053565979	0
NOTE	300	78.42520969165	0.204618692398071	0
NOTE	301	78.5742263793945	0.427273571491241	0
NOTE	302	78.7359771728516	0.154269576072693	0
NOTE	303	79.3956508887442	0.813283205032349	0
NOTE	304	79.5902938842773	0.178884729743004	0
NOTE	305	79.7354888916016	0.466433942317963	0
NOTE	306	80.1252232225318	0.172171473503113	0
NOTE	307	81.0737915039063	0.299722522497177	0
NOTE	308	81.238093714965	0.793143570423126	0
NOTE	309	81.3972994402835	0.241541296243668	0
NOTE	310	82.1062622070313	0.301960229873657	0
NOTE	311	82.2936477661133	0.786430418491364	0
NOTE	312	82.4426651000977	0.240422427654266	0
NOTE	313	86.6765670776367	0.249373406171799	0
NOTE	314	87.0497449114758	0.267275273799896	0
NOTE	315	87.4456221178958	0.804332256317139	0
NOTE	316	87.6213852229871	0.552586793899536	0
NOTE	317	87.7767699768669	0.778598248958588	0
NOTE	318	88.0887364086352	0.246016770601273	0
NOTE	319	88.3982391357422	0.796500146389008	0
NOTE	320	76.3956222293318	0.22363942861557	0
NOTE	321	77.7516708374023	0.799856722354889	0
NOTE	322	79.0670547485352	0.260562092065811	0
NOTE	323	79.0670547485352	0.826709628105164	0
NOTE	324	80.3989868164063	0.815520942211151	0
NOTE	325	80.3989868164063	0.235946953296661	0
NOTE	326	81.7309188842773	0.237065836787224	0
NOTE	327	81.7309188842773	0.804332256317139	0
NOTE	328	83.075591851878	0.218045055866241	0
NOTE	329	83.075591851878	0.775241672992706	0
NOTE	330	87.0497449114758	0.783073723316193	0
NOTE	331	88.3982391357422	0.294128090143204	0
NOTE	332	89.0678741429982	0.225877165794373	0
NOTE	333	89.2181643184863	0.469790518283844	0
NOTE	334	89.4028429357629	0.250492304563522	0
NOTE	335	89.7363128662109	0.241541296243668	0
NOTE	336	89.7363128662109	0.808807671070099	0
NOTE	337	90.1056686953494	0.773003935813904	0
NOTE	338	90.2330332680752	0.59846043586731	0
NOTE	339	90.3412246704102	0.785311460494995	0
NOTE	340	91.0746231079102	0.26839417219162	0
NOTE	341	91.0746231079102	0.811045467853546	0
NOTE	342	90.7462433262875	0.129654437303543	0
NOTE	343	91.7253799438477	0.157626211643219	0
NOTE	344	91.8960494995117	0.379162192344666	0
NOTE	345	92.0565185546875	0.129654496908188	0
NOTE	346	92.4027328491211	0.266156435012817	0
NOTE	347	92.4027328491211	0.818877518177032	0
NOTE	348	93.7448529838425	0.202380955219269	0
NOTE	349	93.7448529838425	0.805451154708862	0
NOTE	350	92.9694290161133	0.624194383621216	0
NOTE	351	93.105712890625	0.901673853397369	0
NOTE	352	92.7899169921875	0.818877577781677	0
NOTE	353	93.3578872680664	0.826709628105164	0
NOTE	354	82.6833877563477	0.765171766281128	0
LINK 36 37 38 39
LINK 46 47 48 49 50
LINK 64 65 66 67
LINK 91 92 93
LINK 94 95 96
LINK 112 113 114 115
LINK 125 126 127 128
LINK 215 216 217 218
LINK 235 230 231 232
LINK 241 242 243 244
