VERSION 2
BPM 380
PAGE_SHIFT 0
PAGE_SIZE 0.631578947368421
NOTE	0	1.24449706077576	0.167693004012108	0
NOTE	1	1.74003528592943	0.246016755700111	0
NOTE	2	1.06610035896301	0.856919050216675	0
NOTE	3	1.54738700389862	0.633145272731781	0
NOTE	4	2.33034126220211	0.793143570423126	0
NOTE	5	2.5333028301116	0.293009281158447	0
NOTE	6	2.8622682094574	0.84005331993103	0
NOTE	7	3.02353310585022	0.167430311441422	0
NOTE	8	3.74234056472778	0.326575398445129	0
NOTE	9	3.87196755409241	0.776360511779785	0
NOTE	10	4.25698280334473	0.13189223408699	0
NOTE	11	4.43453073501587	0.80768883228302	0
NOTE	12	5.5405707359314	0.8792964220047	0
NOTE	13	5.06989908218384	0.658879339694977	0
NOTE	14	5.2476634979248	0.25272998213768	0
NOTE	15	5.7112613339578	0.271750748157501	0.2322581
NOTE	16	6.34329010594276	0.777479410171509	0
NOTE	17	6.8678674697876	0.765171825885773	0
NOTE	18	6.50253677368164	0.188954547047615	0
NOTE	19	7.06761646270752	0.282939463853836	0
NOTE	20	7.75360441207886	0.301480740308762	0
NOTE	21	7.8665919303894	0.902952492237091	0
NOTE	22	8.25388526916504	0.138605386018753	0
NOTE	23	8.43363952636719	0.756540536880493	0
NOTE	24	9.08949375152588	0.305316865444183	0
NOTE	25	9.57788753509521	0.121822468936443	0
NOTE	26	9.77250289916992	0.675822198390961	0
NOTE	27	9.2852897644043	0.856919050216675	0
NOTE	28	10.3841142654419	0.204618692398071	0
NOTE	29	10.59019947052	0.197905480861664	0
NOTE	30	11.0822076797485	0.842373788356781	0
NOTE	31	11.3491382598877	0.698039770126343	0
NOTE	32	10.8600883483887	0.840136051177979	0
NOTE	33	12.0827912361391	0.757339715957642	0
NOTE	34	12.5680627822876	0.204618692398071	0
NOTE	35	12.941200225584	0.746151089668274	0
NOTE	36	13.9540815353394	0.823352932929993	0.5620471
NOTE	37	14.7377328872681	0.218044966459274	0
NOTE	38	15.0780849456787	0.824471890926361	0
NOTE	39	15.482871055603	0.74503219127655	0
NOTE	40	15.5758457183838	0.244897916913033	0
NOTE	41	16.2563743591309	0.241541296243668	0
NOTE	42	17.4052567405085	0.215807318687439	0
NOTE	43	17.9293632507324	0.800807356834412	0
NOTE	44	18.4069442749023	0.196662619709969	0
NOTE	45	19.089472370763	0.207975268363953	0
NOTE	46	19.2768215671662	0.819996356964111	0
NOTE	47	20.1300315856934	0.180003615242505	0.08049473
NOTE	48	20.1300315856934	0.854681313037872	0.08049473
NOTE	49	22.5669078826904	0.171471804380417	0
NOTE	50	23.0698191089357	0.849494415535876	0
NOTE	51	23.7564904762361	0.203499794006348	0.2322581
NOTE	52	23.7564904762361	0.805451154708862	0.2322581
NOTE	53	116.050704956055	0.205737560987473	0.1598214
NOTE	54	116.050704956055	0.808807730674744	0.1598214
NOTE	55	25.2297687530518	0.769059896469116	0
NOTE	56	26.401912689209	0.248298853635788	0.1244031
NOTE	57	26.401912689209	0.786418557167053	0.1244031
NOTE	58	26.9133949279785	0.102217122912407	0
NOTE	59	27.0883442514083	0.798569679260254	0
NOTE	60	27.2451457977295	0.315056502819061	0.2117647
NOTE	61	28.0544033050537	0.852381661774579	0
NOTE	62	28.6160530437338	0.205770049063389	0
NOTE	63	29.0686435699463	0.206637931297575	0.2117647
NOTE	64	29.0686435699463	0.800305485725403	0.2117647
NOTE	65	29.7396125793457	0.866268575191498	0
NOTE	66	29.5511935738956	0.146750450134277	0
NOTE	67	29.9192638397217	0.834491550922394	0.2117647
NOTE	68	30.7537498474121	0.214101046323776	0.1897982
NOTE	69	31.4170722961426	0.786997199058533	0.1618751
NOTE	70	31.9752426147461	0.24563892185688	0.2117647
NOTE	71	34.0753936767578	0.137203171849251	0
NOTE	72	34.1802978515625	0.797701716423035	0
NOTE	73	34.3691177368164	0.352451056241989	0
NOTE	74	34.7245373164906	0.772531569004059	0
NOTE	75	34.8912767452352	0.155429780483246	0
NOTE	76	38.2930793762207	0.132290810346603	0
NOTE	77	38.7298469543457	0.343839555978775	0
NOTE	78	38.9015655517578	0.898494303226471	0
NOTE	79	39.2767486572266	0.891438603401184	0
NOTE	80	39.4484977722168	0.145675912499428	0
NOTE	81	39.719482421875	0.631926119327545	0
NOTE	82	40.0128631591797	0.23701573908329	0
NOTE	83	40.1583633422852	0.701729893684387	0
NOTE	84	40.5924415588379	0.867136478424072	0.2117647
NOTE	85	43.3806381225586	0.222260788083076	0
NOTE	86	43.3806381225586	0.77253161715366	0
NOTE	87	43.6677384527752	0.11637268978636	0
NOTE	88	43.6677384527752	0.887099027633667	0
NOTE	89	43.9577444559243	0.306282259313761	0
NOTE	90	43.9577444559243	0.690077722072601	0
NOTE	91	44.4024925231934	0.135437771677971	0
NOTE	92	44.747127532959	0.800305545330048	0
NOTE	93	45.0872302616344	0.193618983030319	0
NOTE	94	46.3588485717773	0.505113124847412	0
NOTE	95	46.5892333984375	0.221392884850502	0.1476087
NOTE	96	48.768196105957	0.22139285504818	0
NOTE	97	49.0299034118652	0.788154423236847	0
NOTE	98	49.3225250244141	0.226600497961044	0
NOTE	99	49.7362098693848	0.619775056838989	0
NOTE	100	49.9979123227737	0.14327871799469	0
NOTE	101	50.4228935241699	0.840230524539948	0
NOTE	102	50.8266410827637	0.161821231245995	0
NOTE	103	50.9413948059082	0.482254564762115	0
NOTE	104	51.0784072875977	0.159217432141304	0
NOTE	105	51.3599853515625	0.902648448944092	0.2117647
NOTE	106	52.0889320373535	0.671560108661652	0.1521825
NOTE	107	53.4043273925781	0.153693911916422	0
NOTE	108	53.4043273925781	0.874947965145111	0
NOTE	109	53.7628021240234	0.276072770357132	0
NOTE	110	53.7628021240234	0.759512656467441	0
NOTE	111	54.0554249286652	0.251770615577698	0
NOTE	112	54.3920703284881	0.796833753585815	0
NOTE	113	54.7233390808105	0.177128195762634	0
NOTE	114	55.0578231811523	0.775359749794006	0
NOTE	115	55.4078941345215	0.58821052312851	0
NOTE	116	55.663745880127	0.201430350542068	0.1362966
NOTE	117	55.663745880127	0.823739767074585	0.1374009
NOTE	118	56.3901824951172	0.205770060420036	0
NOTE	119	56.7663230895996	0.84370219707489	0
NOTE	120	57.0699882507324	0.119844455716326	0
NOTE	121	57.0699882507324	0.888834893703461	0
NOTE	122	57.3768157958984	0.733474493026733	0
NOTE	123	57.7666116742527	0.204902082681656	0
NOTE	124	58.0499961446313	0.819400072097778	0
NOTE	125	58.4154977930869	0.112900972366333	0
NOTE	126	58.4154977930869	0.894910372322656	0
NOTE	127	58.6759490966797	0.296903231392049	0
NOTE	128	58.6759490966797	0.695285379886627	0
NOTE	129	59.0926704406738	0.342877149581909	0
NOTE	130	59.3977165783153	0.795965850353241	0
NOTE	131	59.7378208496991	0.221392869949341	0
NOTE	132	60.4278182983398	0.134599357843399	0
NOTE	133	60.6641235351563	0.81679630279541	0
NOTE	134	61.0744972229004	0.259581994299555	0.1886607
NOTE	135	61.0744972229004	0.786418557167053	0.1886607
NOTE	136	61.7887887533973	0.177128165960312	0
NOTE	137	62.060432434082	0.818532109260559	0
NOTE	138	62.4233207702637	0.409734785556793	0
NOTE	139	62.679500579834	0.810720682144165	0.2117647
NOTE	140	63.0581085541669	0.153693914413452	0
NOTE	141	63.3684005737305	0.522566378116608	0
NOTE	142	63.7368087768555	0.172788515686989	0
NOTE	143	63.7368087768555	0.831551134586334	0
NOTE	144	64.0879592895508	0.164109140634537	0
NOTE	145	64.0879592895508	0.822003841400146	0
NOTE	146	64.7326812744141	0.390362679958344	0
NOTE	147	64.3805999755859	0.675768613815308	0
NOTE	148	65.0944595336914	0.807249009609222	0
NOTE	149	65.4014434814453	0.128086894750595	0
NOTE	150	35.3694190979004	0.250492244958878	0.4726847
NOTE	151	35.3694190979004	0.783073723316193	0.4726847
NOTE	152	38.4563026428223	0.775241732597351	0
NOTE	153	51.7904739379883	0.180003568530083	0.1894737
NOTE	154	52.4220504760742	0.359022527933121	0.1894737
NOTE	155	60.098030090332	0.769647300243378	0
NOTE	156	65.7210277067988	0.691326498985291	0
NOTE	157	66.0114135742188	0.35198962688446	0
NOTE	158	66.2852554321289	0.35198962688446	0
NOTE	159	66.0114135742188	0.852123916149139	0
NOTE	160	66.2852554321289	0.852123916149139	0
NOTE	161	67.0784382067229	0.213569581508636	0
NOTE	162	67.3357086181641	0.636501908302307	0
NOTE	163	67.7406571474568	0.165458291769028	0
NOTE	164	67.7406571474568	0.845730413198257	0
NOTE	165	68.0272292787206	0.165458291769028	0
NOTE	166	68.0272292787206	0.845730413198257	0
NOTE	167	68.3950958251953	0.400420665740967	0
NOTE	168	68.6969460186205	0.8792964220047	0
NOTE	169	69.0025442273993	0.228114902973175	0
NOTE	170	69.2903900146484	0.228114902973175	0
NOTE	171	70.0658117093538	0.73608124256134	0
NOTE	172	70.3612289428711	0.14755642414093	0
NOTE	173	70.6605377197266	0.897198379039764	0
NOTE	174	71.0946273803711	0.392588645219803	0
NOTE	175	71.3671817528574	0.854681372642517	0
NOTE	176	71.7835871545892	0.260562062263489	0
NOTE	177	72.076831020807	0.743913352489471	0
NOTE	178	72.2240524291992	0.897198379039764	0
NOTE	179	72.3277359008789	0.70922839641571	0
NOTE	180	72.4156188964844	0.922932326793671	0
NOTE	181	72.7627248701296	0.166577160358429	0
NOTE	182	73.0365524291992	0.166577160358429	0
NOTE	183	73.4451722973271	0.830066204071045	0
NOTE	184	73.7291952685306	0.830066204071045	0
NOTE	185	83.3975975701683	0.216926217079163	0
NOTE	186	83.7274780273438	0.887128591537476	0
NOTE	187	83.9987564086914	0.887128591537476	0
NOTE	188	84.3986139046518	0.199024349451065	0
NOTE	189	84.7881240844727	0.783073723316193	0
NOTE	190	85.1052627563477	0.226996004581451	0
NOTE	191	94.337028503418	0.853562474250793	0
NOTE	192	85.6787872314453	0.877386510372162	0
NOTE	193	86.0856643475984	0.282939493656158	0
NOTE	194	86.4002532958984	0.823352992534637	0.1260625
NOTE	195	85.3477020263672	0.71817934513092	0
NOTE	196	94.0607170933171	0.235946983098984	0
NOTE	197	94.6185073852539	0.859156787395477	0
NOTE	198	95.0997161990718	0.199024349451065	0
NOTE	199	95.3327941894531	0.808807730674744	0
NOTE	200	95.7453765869141	0.222520634531975	0
NOTE	201	96.7461700439453	0.22028286755085	0
NOTE	202	96.7461700439453	0.781954884529114	0
NOTE	203	97.0582122802734	0.131892219185829	0
NOTE	204	97.0582122802734	0.866988880787261	0
NOTE	205	97.4680979000895	0.436224460601807	0
NOTE	206	97.8957366943359	0.806569993495941	0
NOTE	207	98.3481102742647	0.215807318687439	0.1782055
NOTE	208	98.8165969848633	0.796500086784363	0
NOTE	209	99.0458526611328	0.781954824924469	0
NOTE	210	99.2559204101563	0.241541266441345	0.1894737
NOTE	211	100.102671566762	0.792024672031403	0
NOTE	212	100.558567580424	0.334407448768616	0
NOTE	213	101.098366680898	0.785311460494995	0
NOTE	214	101.43970489502	0.435105621814728	0
NOTE	215	101.624382019043	0.813283145427704	0
NOTE	216	101.741477966309	0.18895448744297	0.1894737
NOTE	217	102.778009489963	0.719298243522644	0
NOTE	218	103.301401113209	0.193430036306381	0
NOTE	219	103.740582233981	0.723773717880249	0
NOTE	220	104.424460818893	0.193430036306381	0
NOTE	221	104.646075148331	0.787549197673798	0
NOTE	222	105.474685668945	0.210213036347831	0.3147838
NOTE	223	105.474685668945	0.809926688671112	0.3147838
NOTE	224	108.068732060884	0.167695999145508	0
NOTE	225	108.401153564453	0.864751219749451	0
NOTE	226	108.401153564453	0.17105259001255	0
NOTE	227	108.895294189453	0.676141858100891	0
NOTE	228	109.060684204102	0.297484785318375	0
NOTE	229	109.730543864401	0.218045055866241	0
NOTE	230	109.874465816899	0.800975680351257	0
NOTE	231	110.719870755547	0.165458261966705	0
NOTE	232	111.048471325322	0.785311460494995	0
NOTE	233	111.724548339844	0.364616870880127	0
NOTE	234	112.242847517917	0.157626211643219	0
NOTE	235	112.422050476074	0.800975680351257	0.1894737
NOTE	236	113.451241468128	0.263918697834015	0
NOTE	237	113.890422570078	0.748388826847076	0
NOTE	238	114.400177001953	0.177446141839027	0.2241189
NOTE	239	114.893981933594	0.803213357925415	0
NOTE	240	115.078437805176	0.349272400140762	0
NOTE	241	115.30005645752	0.349272400140762	0
NOTE	242	20.7491645812988	0.204618692398071	0.09166613
NOTE	243	20.7491645812988	0.828947365283966	0.07510871
NOTE	244	21.4746837615967	0.254967749118805	0.1894737
NOTE	245	21.4746837615967	0.750626504421234	0.1894737
NOTE	246	75.1588973999023	0.522377371788025	0.3147838
NOTE	247	75.7360882633611	0.180003553628922	0
NOTE	248	76.0071563720703	0.754542589187622	0
NOTE	249	76.3956222293318	0.864751100540161	0
NOTE	250	76.7890974596927	0.218045055866241	0
NOTE	251	77.0310897827148	0.312030047178268	0
NOTE	252	77.4358825683594	0.812164306640625	0
NOTE	253	77.7516708374023	0.28182053565979	0
NOTE	254	78.42520969165	0.204618692398071	0
NOTE	255	78.7474365234375	0.664473652839661	0
NOTE	256	79.3956508887442	0.813283205032349	0
NOTE	257	79.7354888916016	0.466433942317963	0
NOTE	258	80.1252232225318	0.172171473503113	0
NOTE	259	81.0737915039063	0.299722522497177	0
NOTE	260	81.3972994402835	0.241541296243668	0
NOTE	261	82.1062622070313	0.301960229873657	0
NOTE	262	82.4273834228516	0.562656581401825	0
NOTE	263	86.6765670776367	0.249373406171799	0
NOTE	264	87.0497449114758	0.267275273799896	0
NOTE	265	87.4456221178958	0.804332256317139	0
NOTE	266	87.7398376464844	0.276226252317429	0
NOTE	267	88.0887364086352	0.246016770601273	0
NOTE	268	88.3982391357422	0.796500146389008	0
NOTE	269	76.3956222293318	0.22363942861557	0
NOTE	270	77.7516708374023	0.799856722354889	0
NOTE	271	79.0670547485352	0.260562092065811	0
NOTE	272	79.0670547485352	0.826709628105164	0
NOTE	273	80.3989868164063	0.815520942211151	0
NOTE	274	80.3989868164063	0.235946953296661	0
NOTE	275	81.7309188842773	0.237065836787224	0
NOTE	276	81.7309188842773	0.804332256317139	0
NOTE	277	83.075591851878	0.218045055866241	0
NOTE	278	83.075591851878	0.775241672992706	0
NOTE	279	87.0497449114758	0.783073723316193	0
NOTE	280	88.3982391357422	0.294128090143204	0
NOTE	281	89.0678741429982	0.225877165794373	0
NOTE	282	89.405387878418	0.789786994457245	0
NOTE	283	89.7363128662109	0.241541296243668	0
NOTE	284	89.7363128662109	0.808807671070099	0
NOTE	285	90.1056686953494	0.773003935813904	0
NOTE	286	90.3424987792969	0.249373391270638	0
NOTE	287	91.0746231079102	0.26839417219162	0
NOTE	288	91.0746231079102	0.811045467853546	0
NOTE	289	90.7462433262875	0.129654437303543	0
NOTE	290	91.7253799438477	0.157626211643219	0
NOTE	291	92.0590667724609	0.54475474357605	0
NOTE	292	92.4027328491211	0.266156435012817	0
NOTE	293	92.4027328491211	0.818877518177032	0
NOTE	294	93.7448529838425	0.202380955219269	0
NOTE	295	93.7448529838425	0.805451154708862	0
NOTE	296	93.0738754272461	0.226996079087257	0
NOTE	297	92.7899169921875	0.818877577781677	0
NOTE	298	93.3578872680664	0.826709628105164	0
NOTE	299	13.4274200012809	0.153150677680969	0
NOTE	300	13.6159195523513	0.456364095211029	0
NOTE	301	13.7827671452572	0.15203183889389	0
NOTE	302	16.4135208129883	0.790905833244324	0
NOTE	303	16.6094379425049	0.784192621707916	0.1894737
NOTE	304	24.2558906454789	0.381399899721146	0
NOTE	305	24.4189173045911	0.665592551231384	0
NOTE	306	24.6608352661133	0.3601413667202	0.1894737
NOTE	307	25.8576736450195	0.251770615577698	0
NOTE	308	32.9604377746582	0.812164426966262	0
NOTE	309	33.1483879089355	0.204139187932014	0.1894737
NOTE	310	33.7298316955566	0.86650937795639	0.1894737
NOTE	311	41.1302865806379	0.225877165794373	0
NOTE	312	41.3404388427734	0.237065836787224	0
NOTE	313	82.6808384594164	0.767409563064575	0
NOTE	314	96.1247024536133	0.819996416568756	0
NOTE	315	96.4049072265625	0.367973446846008	0
NOTE	316	45.9626502990723	0.294128149747849	0
NOTE	317	45.3209556403913	0.863632261753082	0
NOTE	318	45.7346649169922	0.683494389057159	0
LINK 177 178 179 180
