VERSION 2
BPM 306
PAGE_SHIFT 0
PAGE_SIZE 0.784313725490196
NOTE	0	0.19302886724472	0.170754998922348	0.5569711
NOTE	1	1.95934987068176	0.799476087093353	0
NOTE	2	3.14165568351746	0.237437531352043	0
NOTE	3	4.31106853485107	0.649440407752991	0
NOTE	4	5.48504427075386	0.323172211647034	0
NOTE	5	6.66089582443237	0.748273432254791	0
NOTE	6	7.85204124450684	0.251726686954498	0
NOTE	7	9.0257625579834	0.72683972120285	0
NOTE	8	10.1865901947021	0.271969616413116	0
NOTE	9	11.3519811630249	0.781614720821381	0
NOTE	10	12.469801902771	0.256489664316177	0
NOTE	11	13.7143487930298	0.82567286491394	0
NOTE	12	14.8811531066895	0.262443393468857	0
NOTE	13	16.0591259002686	0.780423939228058	0
NOTE	14	17.2438735961914	0.346987336874008	0
NOTE	15	19.0643920898438	0.205286979675293	0
NOTE	16	18.2495861053467	0.792401552200317	0.3000000
NOTE	17	20.1884841918945	0.702604234218597	0
NOTE	18	21.3590965270996	0.726325929164886	0
NOTE	19	22.5321254730225	0.227911457419395	0
NOTE	20	23.7093772888184	0.270091474056244	0
NOTE	21	24.8839836120605	0.774237513542175	0
NOTE	22	26.0664024353027	0.822100520133972	0
NOTE	23	27.2439937591553	0.224082201719284	0
NOTE	24	28.4097919464111	0.277923375368118	0
NOTE	25	29.5987930297852	0.83996194601059	0
NOTE	26	30.772497177124	0.804239094257355	0
NOTE	27	31.940034866333	0.245772808790207	0
NOTE	28	33.1223411560059	0.275541752576828	0
NOTE	29	34.3218002319336	0.84234344959259	0
NOTE	30	35.4828987121582	0.773279309272766	0
NOTE	31	36.6523132324219	0.279114127159119	0
NOTE	32	37.8498954772949	0.272953182458878	0
NOTE	33	38.9955978393555	0.779872953891754	0
NOTE	34	40.1815071105957	0.72313666343689	0
NOTE	35	41.3623733520508	0.209251627326012	0
NOTE	36	42.5558471679688	0.243730425834656	0
NOTE	37	43.7081298828125	0.815413057804108	0
NOTE	38	44.8926849365234	0.775660872459412	0
NOTE	39	46.081428527832	0.230292931199074	0
NOTE	40	48.4205284118652	0.792331516742706	0
NOTE	41	50.8089828491211	0.251726686954498	0
NOTE	42	53.1352157592773	0.246963664889336	0
NOTE	43	54.9119987487793	0.787568509578705	0
NOTE	44	55.4925384521484	0.158847346901894	0
NOTE	45	55.7833633422852	0.807811379432678	0
NOTE	46	56.0792808532715	0.174327120184898	0
NOTE	47	56.3260917663574	0.357704252004623	0
NOTE	48	56.6372871398926	0.751845717430115	0.3000000
NOTE	49	57.2393646240234	0.115919850766659	0
NOTE	50	57.826286315918	0.758990287780762	0.1737137
NOTE	51	58.4113693237305	0.248734086751938	0
NOTE	52	59.0150337219238	0.762562572956085	0.3000000
NOTE	53	60.1844444274902	0.186234897774	0.2077124
NOTE	54	60.1844444274902	0.828054368495941	0.2077124
NOTE	55	61.3653106689453	0.501231849193573	0.3000000
NOTE	56	61.9483947753906	0.139288350939751	0
NOTE	57	62.5299797058105	0.844724953174591	0.2151183
NOTE	58	63.1116090714931	0.266635954380035	0
NOTE	59	63.6781997680664	0.748273372650146	0.3000000
NOTE	60	64.8755111694336	0.763753294944763	0
NOTE	61	65.4807510375977	0.410097718238831	0
NOTE	62	67.2446670532227	0.761371731758118	0.2063133
NOTE	63	101.43138885498	0.666110992431641	0.3000000
NOTE	64	67.8284301757813	0.156667187809944	0
NOTE	65	68.4187164306641	0.836610734462738	0
NOTE	66	69.0056304931641	0.280577957630157	0
NOTE	67	69.5902099609375	0.761371791362762	0.2137116
NOTE	68	71.3710708618164	0.162711292505264	0
NOTE	69	72.5342712402344	0.34719455242157	0
NOTE	70	73.1137552559376	0.775660872459412	0
NOTE	71	73.7189788818359	0.204096168279648	0
NOTE	72	74.2981948852539	0.737556636333466	0
NOTE	73	75.4700164794922	0.750654876232147	0
NOTE	74	74.8862380981445	0.274351090192795	0
NOTE	75	76.0792846679688	0.287449449300766	0
NOTE	76	77.2403793334961	0.251726597547531	0
NOTE	77	77.8434600830078	0.823291301727295	0
NOTE	78	78.4248123168945	0.210050016641617	0
NOTE	79	79.0193252563477	0.749464213848114	0
NOTE	80	79.5943298339844	0.224339112639427	0
NOTE	81	80.1865921020508	0.761371791362762	0
NOTE	82	80.7660598754883	0.312455385923386	0
NOTE	83	81.3627166748047	0.723267436027527	0
NOTE	84	81.9400329589844	0.218385338783264	0
NOTE	85	82.5364151000977	0.835660576820374	0
NOTE	86	83.128776550293	0.245772823691368	0
NOTE	87	83.7125396728516	0.800666868686676	0
NOTE	88	84.3038711547852	0.207668513059616	0
NOTE	89	84.9012680053711	0.806620597839355	0
NOTE	90	85.4828948974609	0.171391412615776	0
NOTE	91	86.0792846679688	0.824482083320618	0
NOTE	92	86.648811340332	0.163726106286049	0
NOTE	93	87.2574310302734	0.830557346343994	0
NOTE	94	87.8198471069336	0.16842782497406	0
NOTE	95	88.4109268188477	0.826721251010895	0
NOTE	96	89.0085906982422	0.18033541738987	0
NOTE	97	89.5967636108398	0.825882256031036	0
NOTE	98	90.1780014038086	0.218385383486748	0
NOTE	99	90.7657165527344	0.819184422492981	0
NOTE	100	91.3630447387695	0.168665021657944	0
NOTE	101	91.9538192749023	0.822005689144135	0
NOTE	102	92.5321273803711	0.34936893319302	0
NOTE	103	93.1352170705795	0.786377727985382	0
NOTE	104	93.7297058105469	0.186234831809998	0
NOTE	105	94.2595596313477	0.789950013160706	0.3000000
NOTE	106	95.5043563842773	0.271969646215439	0.1819181
NOTE	107	96.671630859375	0.733984291553497	0.3000000
NOTE	108	97.8434524536133	0.271969527006149	0.1565475
NOTE	109	99.0407791137695	0.743510365486145	0.3000000
NOTE	110	100.216636657715	0.279114067554474	0.1755202
NOTE	111	20.4763259887695	0.214813053607941	0
NOTE	112	22.8218593597412	0.768516361713409	0
NOTE	113	25.181755065918	0.236750066280365	0
NOTE	114	27.5373458862305	0.786553502082825	0
NOTE	115	29.8842353820801	0.251726627349854	0
NOTE	116	32.2402458190918	0.791140794754028	0
NOTE	117	34.5922164916992	0.261252701282501	0
NOTE	118	36.9420471191406	0.811383664608002	0
NOTE	119	39.2973136901855	0.252094656229019	0
NOTE	120	41.6495056152344	0.788231551647186	0
NOTE	121	44.006420135498	0.235423922538757	0
NOTE	122	46.3475532531738	0.732793569564819	0
NOTE	123	48.7145500183105	0.302929252386093	0
NOTE	124	51.0579528808594	0.738747358322144	0
NOTE	125	53.3991966247559	0.756608724594116	0
NOTE	126	74.6008071899414	0.50595386326313	0
NOTE	127	83.4325180053711	0.239346861839294	0
NOTE	128	92.8261517286301	0.580376327037811	0
NOTE	129	47.250244140625	0.21925213932991	0.3913909
NOTE	130	49.5969352722168	0.774470150470734	0.4030656
NOTE	131	51.9548149108887	0.804239153862	0.3981271
NOTE	132	54.2624206542969	0.337461292743683	0.3147174
NOTE	133	84.01416015625	0.405334651470184	0
NOTE	134	93.4208755493164	0.407716155052185	0
NOTE	135	23.1245346069336	0.503196775913239	0
NOTE	136	27.8268031746733	0.510869026184082	0
NOTE	137	32.5290718078613	0.536443114280701	0
NOTE	138	37.2439918518066	0.556902527809143	0
NOTE	139	44.3372919325735	0.503196775913239	0
NOTE	140	41.9607168599671	0.505754172801971	0
NOTE	141	46.659366607666	0.542836666107178	0
NOTE	142	59.6088409423828	0.501918077468872	0.2352941
NOTE	143	64.3147277832031	0.232110917568207	0.2352941
NOTE	144	66.0630874633789	0.797299385070801	0.2352941
NOTE	145	66.6541748046875	0.159224674105644	0
NOTE	146	66.9412612915039	0.168175518512726	0
NOTE	147	68.1179656982422	0.156667187809944	0
NOTE	148	70.1779327392578	0.244898051023483	0
NOTE	149	70.476188659668	0.244898051023483	0
NOTE	150	70.7780058570937	0.827988386154175	0.2352941
NOTE	151	71.6435317993164	0.163060754537582	0
NOTE	152	71.9453964233398	0.794741988182068	0.2114663
NOTE	153	72.8346846524407	0.34719455242157	0
NOTE	154	76.6530914306641	0.798578143119812	0
NOTE	155	82.8281784057617	0.835660576820374	0
