VERSION 2
BPM 200
PAGE_SHIFT 0
PAGE_SIZE 1.2
NOTE	0	1.6686555147171	0.144645154476166	0
NOTE	1	5.94516229629517	0.798431515693665	0
NOTE	2	10.2072820663452	0.151957750320435	0
NOTE	3	18.5019855499268	0.392479866743088	0
NOTE	4	22.6906604766846	0.624126613140106	0
NOTE	5	26.8026885986328	0.675700843334198	0
NOTE	6	35.3810653686523	0.843295574188232	0
NOTE	7	39.5221366882324	0.205413118004799	0
NOTE	8	43.6032295227051	0.319944739341736	0
NOTE	9	51.8379096984863	0.870724737644196	0
NOTE	10	56.0007171630859	0.619362950325012	0
NOTE	11	60.2207450866699	0.668998181819916	0
NOTE	12	62.2662162780762	0.20541313290596	0
NOTE	13	63.3119506835938	0.836876749992371	0
NOTE	14	64.427049013785	0.203490883111954	0.3729510
NOTE	15	64.427049013785	0.809965074062347	0.3729510
NOTE	16	67.1782684326172	0.838673830032349	0
NOTE	17	67.7320861816406	0.151481375098228	0
NOTE	18	68.8462600708008	0.259846329689026	0.4000000
NOTE	19	68.8462600708008	0.755146861076355	0.4000000
NOTE	20	71.3988494873047	0.180156514048576	0
NOTE	21	71.8893585205078	0.871385097503662	0
NOTE	22	72.4311828613281	0.506094217300415	0
NOTE	23	72.9513626098633	0.208346978510601	0.2486374
NOTE	24	72.9513626098633	0.795632123947144	0.2486374
NOTE	25	75.5256423950195	0.822459816932678	0
NOTE	26	76.0516738891602	0.160239934921265	0
NOTE	27	76.5260848999023	0.492629051208496	0
NOTE	28	77.5469741821289	0.504152417182922	0
NOTE	29	77.0471801757813	0.238525131638049	0
NOTE	30	77.0471801757813	0.755348563194275	0
NOTE	31	78.0952987470348	0.23657945050433	0
NOTE	32	78.0952987470348	0.757336318492889	0
NOTE	33	78.557731628418	0.501311063766479	0
NOTE	34	79.1133193969727	0.233319713785299	0
NOTE	35	79.1133193969727	0.766956031322479	0
NOTE	36	79.6228942871094	0.503326714038849	0
NOTE	37	80.1591186523438	0.175100651115811	0
NOTE	38	80.1591186523438	0.821698606014252	0
NOTE	39	80.6797866821289	0.503241658210754	0
NOTE	40	81.2192916870117	0.266223012480683	0
NOTE	41	81.746696472168	0.159772917628288	0
NOTE	42	81.746696472168	0.841480699044759	0
NOTE	43	81.2192916870117	0.734344720840454	0
NOTE	44	82.2627182006836	0.278450787067413	0.3462055
NOTE	45	82.2627182006836	0.734027206897736	0.3646834
NOTE	46	83.8240432739258	0.765427052974701	0
NOTE	47	84.343620300293	0.218316003680229	0
NOTE	48	84.8799591064453	0.50038343667984	0
NOTE	49	85.4139785766602	0.246666222810745	0.6917008
NOTE	50	85.4139785766602	0.732899844646454	0.6917008
NOTE	51	86.9756698608398	0.495277017354965	0
NOTE	52	87.9979934692383	0.806631505489349	0
NOTE	53	88.5060653686523	0.249639257788658	0
NOTE	54	89.0954437255859	0.798800468444824	0
NOTE	55	89.6270446777344	0.276744276285172	0.3729553
NOTE	56	91.2669525146484	0.809965133666992	0
NOTE	57	93.0817947387695	0.860378324985504	0
NOTE	58	94.2200241088867	0.212141036987305	0.4000000
NOTE	59	95.2726898193359	0.821498692035675	0.4000000
NOTE	60	96.3069458007813	0.229441419243813	0.4000000
NOTE	61	97.0668476422628	0.76959753036499	0
NOTE	62	97.9005966186523	0.502031207084656	0
NOTE	63	98.4912261962891	0.285816485516214	0.8687778
NOTE	64	98.4912261962891	0.712904691696167	0.8687778
NOTE	65	100.694961547852	0.812643826007843	0
NOTE	66	101.253524780273	0.238504499197006	0
NOTE	67	101.773468017578	0.798578143119812	0
NOTE	68	102.317810058594	0.220602616667748	0
NOTE	69	102.882011413574	0.494245827198029	0
NOTE	70	103.440582275391	0.235946998000145	0
NOTE	71	103.440582275391	0.753823339939117	0
NOTE	72	107.596260070801	0.151552274823189	0
NOTE	73	107.596260070801	0.852283775806427	0
NOTE	74	108.146545410156	0.294767588376999	0.3600000
NOTE	75	108.146545410156	0.709068525327067	0.3600000
NOTE	76	111.287742614746	0.476343840360641	0
NOTE	77	111.815483093262	0.799856722354889	0
NOTE	78	112.318824768066	0.203979328274727	0.3600000
NOTE	79	112.318824768066	0.799856722354889	0.3600000
NOTE	80	113.864730834961	0.799856781959534	0
NOTE	81	114.359298706055	0.205258071422577	0
NOTE	82	114.740951538086	0.8868088722229	0
NOTE	83	115.38525390625	0.280701769649633	0.7332621
NOTE	84	115.38525390625	0.723134338855743	0.7332621
NOTE	85	118.103317260742	0.838217973709106	0
NOTE	86	118.631546020508	0.232110768556595	0
NOTE	87	119.186950683594	0.726970553398132	0
NOTE	88	119.74836730957	0.50447541475296	0
NOTE	89	120.27653503418	0.216766387224197	0
NOTE	90	120.27653503418	0.785791039466858	0
NOTE	91	120.793701171875	0.216766387224197	0.3600000
NOTE	92	120.793701171875	0.785791039466858	0.3600000
NOTE	93	123.528335571289	0.807529032230377	0
NOTE	94	124.069923400879	0.872743129730225	0
NOTE	95	124.581558227539	0.486573576927185	0
NOTE	96	125.1318359375	0.215487812022138	0.6281691
NOTE	97	125.1318359375	0.794742047786713	0.6281691
NOTE	98	127.860954284668	0.889366328716278	0
NOTE	99	128.42741394043	0.593985021114349	0
NOTE	100	128.916931152344	0.265357252412643	0
NOTE	101	128.916931152344	0.73336398601532	0
NOTE	102	129.4424133715	0.265357252412643	0
NOTE	103	129.4424133715	0.73336398601532	0
NOTE	104	131.549240112305	0.127256944775581	0
NOTE	105	132.096755981445	0.577361762523651	0
NOTE	106	132.627746582031	0.267914712429047	0.3600000
NOTE	107	132.627746582031	0.733364045415492	0.3600000
NOTE	108	134.792694091797	0.813922584056854	0
NOTE	109	135.318161010742	0.182241275906563	0
NOTE	110	135.815475463867	0.783233642578125	0
NOTE	111	136.324356079102	0.391949355602264	0
NOTE	112	136.929946899414	0.637461066246033	0
NOTE	113	137.460952758789	0.214209056980766	0
NOTE	114	137.460952758789	0.787069737911224	0
NOTE	115	137.975341796875	0.214209056980766	0
NOTE	116	137.975341796875	0.787069737911224	0
NOTE	117	141.15754699707	0.871464371681213	0
NOTE	118	141.685684204102	0.501278611597684	0
NOTE	119	142.233306884766	0.257684946060181	0.3600000
NOTE	120	142.233306884766	0.744872335815728	0.3600000
NOTE	121	145.357406616211	0.292210131883621	0
NOTE	122	145.902236938477	0.50447541475296	0
NOTE	123	146.446990966797	0.250012782082607	0.3600000
NOTE	124	146.446990966797	0.752544641494751	0.3600000
NOTE	125	148.006301879883	0.806250333786011	0
NOTE	126	148.506881713867	0.188634976744652	0
NOTE	127	148.918884277344	0.783233642578125	0
NOTE	128	149.566040039063	0.22955347597599	0.3600000
NOTE	129	149.566040039063	0.764052927494049	0.3600000
NOTE	130	152.242614746094	0.796020686626434	0
NOTE	131	152.786956787109	0.239783108234406	0
NOTE	132	153.298583984375	0.787069737911224	0
NOTE	133	153.862686157227	0.218045130372047	0
NOTE	134	154.415832519531	0.885530173778534	0
NOTE	135	154.940795898438	0.248734086751938	0.3600000
NOTE	136	154.940795898438	0.728249192237854	0.3600000
NOTE	137	157.6865234375	0.825430989265442	0
NOTE	138	158.225814819336	0.891923666000366	0
NOTE	139	158.756744384766	0.287095278501511	0
NOTE	140	158.756744384766	0.734642684459686	0
NOTE	141	159.315383911133	0.287095278501511	0
NOTE	142	159.315383911133	0.734642684459686	0
NOTE	143	162.057830810547	0.857398629188538	0
NOTE	144	162.597137451172	0.663035273551941	0
NOTE	145	163.117065429688	0.253848940134048	0
NOTE	146	164.226013183594	0.776840090751648	0
NOTE	147	164.734420776367	0.221881300210953	0.3600000
NOTE	148	165.843338012695	0.820316076278687	0.3600000
NOTE	149	166.990585327148	0.203979381564139	0.3600000
NOTE	150	166.990585327148	0.799856781959534	0.3600000
NOTE	151	168.093994140625	0.590148866176605	0
NOTE	152	168.461822509766	0.120863407850266	0
NOTE	153	169.216354370117	0.827988386154175	0.3600000
NOTE	154	169.810958862305	0.320341676473618	0
NOTE	155	170.449768066406	0.757659435272217	0
NOTE	156	171.132858276367	0.267914801836014	0
NOTE	157	172.039489746094	0.8011354804039	0
NOTE	158	172.672836303711	0.256406307220459	0
NOTE	159	173.275665283203	0.264078587293625	0.3600000
NOTE	160	173.275665283203	0.733363976952063	0.3600000
NOTE	161	176.507629394531	0.2423405200243	0
NOTE	162	177.069046020508	0.565853416919708	0
NOTE	163	177.6552734375	0.243619248270988	0.9047337
NOTE	164	177.6552734375	0.788348436355591	0.9047337
NOTE	165	180.96240234375	0.292210102081299	0
NOTE	166	181.492919921875	0.611886858940125	0
NOTE	167	182.01286315918	0.248734137565089	0.3600000
NOTE	168	182.01286315918	0.75126588344574	0.3600000
NOTE	169	183.641250610352	0.762774288654327	0
NOTE	170	184.175018310547	0.512147784233093	0
NOTE	171	185.281188964844	0.248734086751938	0.3600000
NOTE	172	185.281188964844	0.758938193321228	0.3600000
NOTE	173	188.212203979492	0.792184591293335	0
NOTE	174	188.81184387207	0.24361926317215	0
NOTE	175	189.467300415039	0.801135540008545	0
NOTE	176	190.166915893555	0.148994967341423	0
NOTE	177	190.739395141602	0.760216891765594	0
NOTE	178	191.292037963867	0.288374006748199	0.3600000
NOTE	179	191.292037963867	0.757659614086151	0.3600000
NOTE	180	193.929901123047	0.834381878376007	0
NOTE	181	194.510589599609	0.822873532772064	0
NOTE	182	195.036071777344	0.154109761118889	0
NOTE	183	195.61083984375	0.26663601398468	0.7091680
NOTE	184	195.61083984375	0.734642803668976	0.7091680
NOTE	185	198.370361328125	0.821594834327698	0
NOTE	186	198.959442138672	0.721855700016022	0
NOTE	187	199.548446655273	0.338243544101715	0.3600000
NOTE	188	200.645919799805	0.796020686626434	0
NOTE	189	201.201797485352	0.49808207154274	0.3207638
NOTE	190	202.319030761719	0.775561392307281	0.3600000
NOTE	191	203.469039916992	0.237225726246834	0.3600000
NOTE	192	208.022888183594	0.829267024993896	0
NOTE	193	208.694946289063	0.255127638578415	0
NOTE	194	209.424987792969	0.785790979862213	0
NOTE	195	210.129760742188	0.251291424036026	0.3600000
NOTE	196	211.523559570313	0.82798832654953	0
NOTE	197	212.248153686523	0.206536740064621	0
NOTE	198	213.790802001953	0.842054069042206	0
NOTE	199	215.615615844727	0.336964875459671	0.2875824
NOTE	200	216.450775146484	0.792184591293335	0
NOTE	201	217.268920898438	0.192470982670784	0
NOTE	202	218.294952392578	0.803692936897278	0
NOTE	203	219.768466210365	0.220602482557297	0.3600000
NOTE	204	221.389053344727	0.794741988182068	0.3600000
NOTE	205	68.2702560424805	0.507032930850983	0
NOTE	206	87.5006790161133	0.197585910558701	0
NOTE	207	107.106735229492	0.848447680473328	0
NOTE	208	111.815483093262	0.203979328274727	0
NOTE	209	2.2202742099762	0.88169401884079	0
NOTE	210	2.76225757598877	0.275586843490601	0.3600000
NOTE	211	3.82930421829224	0.730806589126587	0.3600000
NOTE	212	6.43119525909424	0.132371708750725	0
NOTE	213	6.94007015228271	0.775561332702637	0.2571642
NOTE	214	10.6536655426025	0.804971635341644	0
NOTE	215	11.1786479949951	0.370211273431778	0.3600000
NOTE	216	12.6830701828003	0.849726378917694	0
NOTE	217	13.5675859451294	0.634903490543365	0
NOTE	218	16.9493045806885	0.794741928577423	0
NOTE	219	17.4637126922607	0.172011688351631	0
NOTE	220	17.9919471740723	0.801135540008545	0
NOTE	221	18.9953842163086	0.836939215660095	0
NOTE	222	19.5097103118896	0.182241380214691	0.3600000
NOTE	223	22.1724452972412	0.826709687709808	0
NOTE	224	23.150993347168	0.820316135883331	0
NOTE	225	23.6598682403564	0.273029446601868	0.3401313
NOTE	226	26.2617607116699	0.854841232299805	0
NOTE	227	27.2600727081299	0.258963733911514	0
NOTE	228	27.7905864715576	0.819037437438965	0.3600000
NOTE	229	29.3447895050049	0.234668344259262	0
NOTE	230	29.8509006500244	0.838217973709106	0
NOTE	231	30.4007759094238	0.562017261981964	0
NOTE	232	30.970495223999	0.262799859046936	0.1963178
NOTE	233	33.2764625549316	0.765331745147705	0.3235374
NOTE	234	33.8101501464844	0.207815364003181	0
NOTE	235	34.3162612915039	0.673264801502228	0
NOTE	236	34.8384780883789	0.220602571964264	0
NOTE	237	35.9253730773926	0.242340505123138	0
NOTE	238	36.4922409057617	0.623395144939423	0.3600000
NOTE	239	38.8009757995605	0.839496731758118	0
NOTE	240	40.020133972168	0.853562533855438	0
NOTE	241	40.5345420837402	0.2819804251194	0.2516300
NOTE	242	43.0534591674805	0.159224554896355	0
NOTE	243	44.104320526123	0.867628216743469	0
NOTE	244	44.6016502380371	0.164339408278465	0.3600000
NOTE	245	46.1447906494141	0.86890697479248	0
NOTE	246	46.628776550293	0.201421916484833	0
NOTE	247	46.9878196716309	0.766610383987427	0
NOTE	248	50.2562294006348	0.842054069042206	0
NOTE	249	50.7622604370117	0.215487733483315	0
NOTE	250	51.2656021118164	0.638739764690399	0
NOTE	251	52.3464775085449	0.279423028230667	0
NOTE	252	52.8884620666504	0.73847883939743	0.3600000
NOTE	253	55.4792900085449	0.817758738994598	0
NOTE	254	56.5020866394043	0.261521071195602	0
NOTE	255	57.0275573730469	0.796020686626434	0.3600000
NOTE	256	59.6626358032227	0.862513363361359	0
NOTE	257	61.7390556335449	0.787069737911224	0
NOTE	258	1.15046215057373	0.157945901155472	0
NOTE	259	5.25628852844238	0.123420841991901	0
NOTE	260	0.893258392810822	0.918776512145996	0
NOTE	261	1.37122571468353	0.734642744064331	0
NOTE	262	5.46094560623169	0.891923725605011	0
NOTE	263	5.69049310684204	0.316505521535873	0
NOTE	264	9.4672908782959	0.829267084598541	0
NOTE	265	9.70781993865967	0.120863363146782	0
NOTE	266	9.92907047271729	0.587591409683228	0
NOTE	267	13.8966960906982	0.216766461730003	0
NOTE	268	14.2230405807495	0.753823399543762	0.1769594
NOTE	269	22.3826332092285	0.14388008415699	0
NOTE	270	26.5216484069824	0.174569070339203	0
NOTE	271	39.0111656188965	0.163060799241066	0
NOTE	272	39.2379455566406	0.664313912391663	0
NOTE	273	42.8017883300781	0.793463289737701	0
NOTE	274	43.2939910888672	0.863792240619659	0
NOTE	275	47.3445892333984	0.201421931385994	0
NOTE	276	47.6543388366699	0.799856841564178	0.3456612
NOTE	277	55.7116012573242	0.201421916484833	0
NOTE	278	59.9253692626953	0.210372895002365	0
NOTE	279	60.721794128418	0.301161080598831	0.3600000
NOTE	280	103.968811035156	0.235946998000145	0.3600000
NOTE	281	103.968811035156	0.753823339939117	0.3600000
NOTE	282	106.100547790527	0.817758619785309	0
NOTE	283	106.33561706543	0.192471012473106	0
NOTE	284	106.554100036621	0.655362844467163	0
NOTE	285	106.808059692383	0.197585836052895	0
NOTE	286	110.493995666504	0.833103120326996	0
NOTE	287	110.740135192871	0.179684013128281	0
NOTE	288	110.969680786133	0.875300526618958	0
NOTE	289	115.07006072998	0.50959038734436	0
NOTE	290	123.768463134766	0.18351998925209	0
NOTE	291	128.098785400391	0.174569144845009	0
NOTE	292	131.065260219574	0.807529091835022	0
NOTE	293	140.120941162109	0.87785792350769	0
NOTE	294	140.375366210938	0.155388459563255	0
NOTE	295	140.601654052734	0.691166698932648	0
NOTE	296	140.858856201172	0.155388474464417	0
NOTE	297	144.561386108398	0.867628276348114	0
NOTE	298	144.826873779297	0.132371753454208	0
NOTE	299	145.039825439453	0.812643885612488	0
NOTE	300	149.217575073242	0.499360680580139	0
NOTE	301	157.904998779297	0.114469759166241	0
NOTE	302	162.287384033203	0.207815423607826	0
NOTE	303	168.782623291016	0.700117647647858	0
NOTE	304	175.728210449219	0.799856781959534	0
NOTE	305	175.979879713058	0.178405165672302	0
NOTE	306	176.217727661133	0.825430989265442	0
NOTE	307	180.124435424805	0.889366388320923	0
NOTE	308	180.381607055664	0.161781966686249	0
NOTE	309	180.633285522461	0.749987244606018	0
NOTE	310	184.517944335938	0.875300467014313	0
NOTE	311	184.910583496094	0.518541216850281	0
NOTE	312	194.189865112305	0.178405180573463	0
NOTE	313	198.638641357422	0.184798747301102	0
NOTE	314	13.1089773178101	0.187356144189835	0
NOTE	315	13.1989994049072	0.304997175931931	0
NOTE	316	91.5777740478516	0.151552319526672	0
NOTE	317	91.7503280639648	0.258963793516159	0
NOTE	318	91.9228744506836	0.152831107378006	0
NOTE	319	93.6525115966797	0.440540105104446	0
LINK 314 315
LINK 316 317 318
