VERSION 2
BPM 237
PAGE_SHIFT 0
PAGE_SIZE 1.0126582278481
NOTE	0	1.88176167011261	0.82729959487915	0
NOTE	1	2.57084703445435	0.145940184593201	0
NOTE	2	3.47652244567871	0.164339382896774	0
NOTE	3	4.37742519378662	0.648206472396851	0
NOTE	4	4.84088611602783	0.900874614715576	0
NOTE	5	5.06429100036621	0.130602911114693	0
NOTE	6	5.29346990585327	0.672266125679016	0
NOTE	7	4.62053632736206	0.345344364643097	0
NOTE	8	6.20152759552002	0.858415842056274	0
NOTE	9	118.259094238281	0.307554751634598	0.2219184
NOTE	10	4.15155792236328	0.0997626185417175	0
NOTE	11	5.52121448516846	0.120653331279755	0.2571429
NOTE	12	7.12972640991211	0.881694078445435	0
NOTE	13	7.80103158950806	0.898317217826843	0
NOTE	14	8.01168918609619	0.16433946788311	0
NOTE	15	8.487229347229	0.705232501029968	0
NOTE	16	8.25538539886475	0.370211273431778	0
NOTE	17	8.69567775726318	0.363817751407623	0
NOTE	18	8.9190788269043	0.767889142036438	0
NOTE	19	9.14913082122803	0.165618151426315	0.2571429
NOTE	20	10.9758338928223	0.147716268897057	0
NOTE	21	11.2039232254028	0.859955993095483	0
NOTE	22	11.4350500106812	0.315167218446732	0
NOTE	23	11.6543254852295	0.791360855102539	0.2571429
NOTE	24	12.1021614074707	0.21676641702652	0
NOTE	25	12.5696172714233	0.793463289737701	0.3924082
NOTE	26	2.79322195053101	0.799856781959534	0.2447527
NOTE	27	3.69667053222656	0.862399160861969	0.2571429
NOTE	28	6.4448356628418	0.316505581140518	0.2571429
NOTE	29	14.6087884902954	0.127256874176153	0
NOTE	30	15.2942695617676	0.193290323019028	0
NOTE	31	15.7458744049072	0.824152231216431	0
NOTE	32	16.2038898468018	0.244898110628128	0.3702497
NOTE	33	18.25465965271	0.811365187168121	0
NOTE	34	18.6991348266602	0.17201167345047	0
NOTE	35	18.9361324310303	0.77428263425827	0
NOTE	36	19.3806076049805	0.16945418715477	0
NOTE	37	21.8781700134277	0.141322672367096	0.2571429
NOTE	38	22.3370475769043	0.885530173778534	0
NOTE	39	22.5599155426025	0.413687229156494	0.2571429
NOTE	40	23.0293483734131	0.550021409988403	0
NOTE	41	25.5345497131348	0.816479980945587	0
NOTE	42	25.9703502655029	0.156667217612267	0
NOTE	43	26.1948337554932	0.854841232299805	0
NOTE	44	26.6502723693848	0.317784428596497	0.2571429
NOTE	45	27.1105518341064	0.679658295390063	0.2312203
NOTE	46	29.1521797180176	0.843332827091217	0
NOTE	47	29.6189117431641	0.148994907736778	0
NOTE	48	29.8365707397461	0.847168982028961	0
NOTE	49	32.7944450378418	0.183520063757896	0
NOTE	50	33.2488059997559	0.826709687709808	0
NOTE	51	33.477783203125	0.21932378411293	0
NOTE	52	33.926212310791	0.500000012856731	0
NOTE	53	36.4246940612793	0.81008642911911	0
NOTE	54	36.8355866840908	0.192470967769623	0
NOTE	55	37.1098251342773	0.492967128753662	0.2571429
NOTE	56	37.560230255127	0.813922584056854	0
NOTE	57	38.2357788085938	0.166896797869057	0.2452338
NOTE	58	38.2357788085938	0.840775430202484	0.2452338
NOTE	59	40.0666153430939	0.783233642578125	0.2190989
NOTE	60	41.1934700012207	0.885530173778534	0
NOTE	61	41.6505165100098	0.186077505350113	0
NOTE	62	42.5868835449219	0.212930262088776	0
NOTE	63	43.6956100463867	0.774282693862915	0
NOTE	64	44.374454498291	0.242340505123138	0
NOTE	65	44.8479614257813	0.81903737783432	0
NOTE	66	45.2901039123535	0.159224584698677	0
NOTE	67	46.1918258666992	0.790905833244324	0
NOTE	68	47.3369979858398	0.216766372323036	0
NOTE	69	48.0111045837402	0.798578143119812	0
NOTE	70	48.4738960266113	0.238504350185394	0
NOTE	71	48.9458618164063	0.49872131783934	0
NOTE	72	49.1414337158203	0.765331745147705	0.2571429
NOTE	73	49.1414337158203	0.232110925736553	0.2571429
NOTE	74	49.8374557495117	0.501918137073517	0
NOTE	75	51.6537475585938	0.191192284226418	0.2571429
NOTE	76	52.1014556884766	0.87274307012558	0.2192200
NOTE	77	52.4369277954102	0.270472019910812	0.2213001
NOTE	78	52.784610748291	0.683494508266449	0.2571429
NOTE	79	53.4678764343262	0.280701726675034	0
NOTE	80	55.2850723266602	0.160503312945366	0
NOTE	81	55.7476959228516	0.848447620868683	0
NOTE	82	56.4220428466797	0.83693927526474	0.2868179
NOTE	83	57.1047744750977	0.193749710917473	0
NOTE	84	58.9119033813477	0.175847783684731	0
NOTE	85	59.387638092041	0.856119911912671	0
NOTE	86	59.8321151733398	0.169454291462898	0
NOTE	87	60.0509834289551	0.688609302043915	0.3709581
NOTE	88	60.7466888427734	0.14515882730484	0
NOTE	89	61.8719329833984	0.737200140953064	0.2571429
NOTE	90	62.5694427490234	0.244898021221161	0
NOTE	91	63.0257949829102	0.787069737911224	0
NOTE	92	63.4710464477539	0.188634842634201	0
NOTE	93	64.3710174560547	0.278144389390945	0
NOTE	94	67.118766784668	0.154109790921211	0
NOTE	95	65.5359463180814	0.757659435272217	0.2571429
NOTE	96	68.6875915856346	0.232110917568207	0.1731679
NOTE	97	70.5064010620117	0.18224136531353	0.2571429
NOTE	98	72.3116238190465	0.234668235383509	0.2571429
NOTE	99	75.9643630981445	0.316046261878963	0.2571429
NOTE	100	76.4281311035156	0.145158722996712	0
NOTE	101	79.5979156799265	0.686051905155182	0.2333089
NOTE	102	80.0641250610352	0.155388504266739	0
NOTE	103	80.4805908203125	0.859955966472626	0
NOTE	104	80.9447555541992	0.257685005664825	0
NOTE	105	81.1948699951172	0.683494448661804	0
NOTE	106	81.3892288208008	0.884251415729523	0
NOTE	107	81.5362777709961	0.133650436997414	0
NOTE	108	81.7642288208008	0.345915794372559	0
NOTE	109	81.8709030151367	0.808807790279388	0.1544134
NOTE	110	83.2434310913086	0.821594834327698	0.2571429
NOTE	111	82.7815170288086	0.22188127040863	0.2564577
NOTE	112	83.6997680664063	0.276865780353546	0.2571429
NOTE	113	84.6005096435547	0.852283835411072	0.2270030
NOTE	114	85.0642929077148	0.177126467227936	0.2571429
NOTE	115	85.5095901489258	0.678379654884338	0.2288074
NOTE	116	86.8589477539063	0.668150007724762	0.2249907
NOTE	117	87.3203048706055	0.186077415943146	0.2746328
NOTE	118	88.2306976318359	0.806250333786011	0.2571429
NOTE	119	88.7023620605469	0.228274837136269	0.2571429
NOTE	120	89.1508636474609	0.77428263425827	0.3418553
NOTE	121	89.9824295043945	0.271750837564468	0.1441528
NOTE	122	90.5154190063477	0.872743129730225	0.2571429
NOTE	123	90.9558944702148	0.214208945631981	0.1833460
NOTE	124	91.8847198486328	0.692445397377014	0.2571429
NOTE	125	92.3320693969727	0.143880009651184	0.2152943
NOTE	126	92.7748641967773	0.790905892848969	0.2571429
NOTE	127	93.6654510498047	0.320341676473618	0.2571429
NOTE	128	94.6109161376953	0.157945856451988	0
NOTE	129	95.5022201538086	0.250012785196304	0
NOTE	130	96.8711700509198	0.831824481487274	0
NOTE	131	96.4218215942383	0.499360606074333	0.2571429
NOTE	132	97.3256912231445	0.501918012494031	0.2571429
NOTE	133	98.2654037475586	0.505754232406616	0.2571429
NOTE	134	98.695701616073	0.159224603016266	0
NOTE	135	99.1523971557617	0.67070746421814	0
NOTE	136	99.5959243774414	0.347194492816925	0
NOTE	137	100.049194335938	0.500639259815216	0.1894672
NOTE	138	100.512023925781	0.784512293166466	0
NOTE	139	101.431243895192	0.218045031702256	0
NOTE	140	102.33080291748	0.225717380642891	0
NOTE	141	102.779769897461	0.806250333786011	0
NOTE	142	103.22509765625	0.23722568154335	0
NOTE	143	104.136856087923	0.230832221140265	0
NOTE	144	105.967689545097	0.22827485203743	0
NOTE	145	106.428100585938	0.686051905155182	0
NOTE	146	106.873115539551	0.388113141059875	0
NOTE	147	107.355133056641	0.527492165565491	0
NOTE	148	107.773506164551	0.769167840480804	0
NOTE	149	108.687782287598	0.179683804512024	0
NOTE	150	109.151313781738	0.331850051879883	0.2157732
NOTE	151	109.601722717285	0.725691854953766	0
NOTE	152	110.062545776367	0.146437615156174	0
NOTE	153	110.486656188965	0.804971635341644	0
NOTE	154	110.982139625542	0.78323370218277	0.2571429
NOTE	155	110.982139625542	0.215487761141233	0.2571429
NOTE	156	111.434242248535	0.38555571436882	0
NOTE	157	111.890968322754	0.569689571857452	0.2571429
NOTE	158	112.337799072266	0.306275993585587	0
NOTE	159	114.149963378906	0.195028349757195	0
NOTE	160	115.518890380859	0.293488919734955	0
NOTE	161	116.435150146484	0.783233642578125	0
NOTE	162	115.97289276123	0.783233642578125	0
NOTE	163	116.883155822754	0.22955347597599	0
NOTE	164	117.33553314209	0.22955347597599	0
NOTE	165	117.793853759766	0.840775370597839	0
NOTE	166	38.9228858947754	0.517262578010559	0.2571429
NOTE	167	40.7266120910645	0.229553416371346	0.2571429
NOTE	168	54.6043167114258	0.788348436355591	0
NOTE	169	56.2004280090332	0.592706203460693	0
NOTE	170	66.1930618286133	0.265357285737991	0
NOTE	171	69.6042098999023	0.165618166327477	0.2571429
NOTE	172	71.4386367797852	0.496803253889084	0.2571429
NOTE	173	73.2432632446289	0.500639379024506	0.2571429
NOTE	174	74.1350326538086	0.193749651312828	0.2571429
NOTE	175	15.0670928955078	0.862513482570648	0
NOTE	176	19.8294849395752	0.816479980945587	0.3848515
NOTE	177	30.7488880157471	0.684773147106171	0.3063830
NOTE	178	41.8862762451172	0.696281552314758	0.3063830
NOTE	179	50.9673614501953	0.753823339939117	0
NOTE	180	67.3405838012695	0.851005077362061	0
NOTE	181	66.666633605957	0.716740906238556	0
NOTE	182	74.6118316650391	0.861234724521637	0
NOTE	183	68.2093734741211	0.500639393531088	0
NOTE	184	69.1479721069336	0.495524495840073	0
NOTE	185	70.0587463378906	0.790905833244324	0
NOTE	186	70.9735870361328	0.767889142036438	0
NOTE	187	72.7882232666016	0.499360650777817	0
NOTE	188	73.6825180053711	0.851005136966705	0
NOTE	189	75.0753936767578	0.409851223230362	0.3063830
NOTE	190	75.5085983276367	0.540279269218445	0
NOTE	191	77.3228378295898	0.313948154449463	0
NOTE	192	77.7935150937831	0.719298243522644	0.1811685
NOTE	193	78.2313084297992	0.142601400613785	0
NOTE	194	78.7016372680664	0.826709568500519	0.2857045
NOTE	195	79.1488342285156	0.502557456493378	0
NOTE	196	95.0568773414515	0.755102038383484	0
NOTE	197	97.7920150756836	0.701396352522691	0
NOTE	198	105.057426452637	0.797299325466156	0
NOTE	199	108.928092956543	0.797299325466156	0
NOTE	200	112.801620483398	0.794741928577423	0.3037975
NOTE	201	115.078727722168	0.298603624105453	0
NOTE	202	113.256721496582	0.220602497458458	0
NOTE	203	113.730979919434	0.611886858940125	0
NOTE	204	114.602882385254	0.849726378917694	0.3037975
NOTE	205	10.0425968170166	0.861234724521637	0
NOTE	206	23.4683074951172	0.718019545078278	0.3037975
NOTE	207	30.2910938262939	0.319063007831573	0
NOTE	208	34.3720664978027	0.769167840480804	0
NOTE	209	34.3720664978027	0.230832153628683	0
NOTE	210	58.2394332885742	0.730806648731232	0.3037975
NOTE	211	63.6881866455078	0.676757752895355	0
NOTE	212	75.9643630981445	0.682215869426727	0.2571429
NOTE	213	79.5979156799265	0.319063014025293	0.2333089
NOTE	214	95.960693359375	0.806250333786011	0
NOTE	215	96.8711700509198	0.160503149305082	0
NOTE	216	97.7920150756836	0.298603743314743	0
NOTE	217	98.695701616073	0.826709628105164	0
NOTE	218	100.512023925781	0.21804516017437	0
NOTE	219	100.957786560059	0.502557396888733	0.3037975
NOTE	220	101.431243895192	0.77811872959137	0
NOTE	221	101.874923706055	0.490409702062607	0.3037975
NOTE	222	103.701866149902	0.39258861541748	0.3037975
NOTE	223	104.136856087923	0.771725237369537	0
NOTE	224	104.59765625	0.613165616989136	0.3037975
NOTE	225	105.057426452637	0.203979353854942	0
NOTE	226	105.503128051758	0.537668764591217	0.3037975
NOTE	227	105.967689545097	0.765225361897105	0
NOTE	228	107.773506164551	0.228274722539425	0
NOTE	229	7.33812618255615	0.154109835624695	0.3037975
NOTE	230	23.4683074951172	0.285816608715258	0.3037975
NOTE	231	45.5161437988281	0.462278187274933	0
NOTE	232	67.7759628295898	0.256406337022781	0
NOTE	233	68.6875915856346	0.76916786949397	0.1731679
NOTE	234	71.8612060546875	0.496803253889084	0
NOTE	235	72.3116238190465	0.770446538925171	0.3037975
NOTE	236	76.8593673706055	0.816479980945587	0
NOTE	237	94.1354064941406	0.761495590209961	0
NOTE	238	86.4024887084961	0.359981566667557	0.1797907
NOTE	239	108.230941772461	0.513426423072815	0
LINK 105 106
LINK 107 108
