VERSION 2
BPM 200
PAGE_SHIFT 0
PAGE_SIZE 1.2
NOTE	0	1.88176167011261	0.82729959487915	0
NOTE	1	4.62330198287964	0.258392304182053	0
NOTE	2	118.259094238281	0.307554751634598	0.3409105
NOTE	3	5.52121448516846	0.217835083603859	0.2571429
NOTE	4	8.69844341278076	0.264078617095947	0
NOTE	5	9.15466117858887	0.748708486557007	0.2571429
NOTE	6	10.984130859375	0.728249192237854	0
NOTE	7	12.1215209960938	0.82798832654953	0
NOTE	8	12.5557889938354	0.299882411956787	0.3924082
NOTE	9	2.79875326156616	0.266635924577713	0.2447527
NOTE	10	6.45313262939453	0.758938193321228	0.2571429
NOTE	11	14.6087884902954	0.767889082431793	0
NOTE	12	15.7458744049072	0.824152231216431	0
NOTE	13	16.2038898468018	0.244898110628128	0.3702497
NOTE	14	18.25465965271	0.811365187168121	0
NOTE	15	18.6991348266602	0.17201167345047	0
NOTE	16	18.9361324310303	0.77428263425827	0
NOTE	17	19.3806076049805	0.16945418715477	0
NOTE	18	22.5613861083984	0.136207774281502	0.2386139
NOTE	19	23.0270137786865	0.506545424461365	0
NOTE	20	25.526252746582	0.780676186084747	0
NOTE	21	26.1948337554932	0.292210161685944	0
NOTE	22	26.6585693359375	0.755102217197418	0.2571429
NOTE	23	27.0994892120361	0.289652675390244	0.2312203
NOTE	24	29.1411170959473	0.819037437438965	0
NOTE	25	29.6189117431641	0.148994907736778	0
NOTE	26	29.8338050842285	0.719298303127289	0
NOTE	27	32.7944450378418	0.183520063757896	0
NOTE	28	33.2488059997559	0.826709687709808	0
NOTE	29	33.477783203125	0.21932378411293	0
NOTE	30	33.926212310791	0.500000012856731	0
NOTE	31	36.4246940612793	0.81008642911911	0
NOTE	32	36.8355866840908	0.192470967769623	0
NOTE	33	37.560230255127	0.813922584056854	0
NOTE	34	38.2357788085938	0.166896797869057	0.1642212
NOTE	35	40.0666153430939	0.783233642578125	0.2190989
NOTE	36	41.1934700012207	0.885530173778534	0
NOTE	37	41.6505165100098	0.186077505350113	0
NOTE	38	42.5592269897461	0.381719589233398	0
NOTE	39	43.6956100463867	0.774282693862915	0
NOTE	40	44.374454498291	0.242340505123138	0
NOTE	41	44.8479614257813	0.81903737783432	0
NOTE	42	45.2901039123535	0.159224584698677	0
NOTE	43	46.1918258666992	0.790905833244324	0
NOTE	44	47.3369979858398	0.216766372323036	0
NOTE	45	48.0111045837402	0.798578143119812	0
NOTE	46	48.4683647155762	0.406014949083328	0
NOTE	47	48.9154396057129	0.813283205032349	0
NOTE	48	49.8346900939941	0.762774348258972	0
NOTE	49	51.6537475585938	0.840775370597839	0.2571429
NOTE	50	52.1042213439941	0.343358427286148	0.2192200
NOTE	51	52.450756072998	0.719298362731934	0.2213001
NOTE	52	53.4734077453613	0.812643826007843	0
NOTE	53	55.2740097045898	0.737200081348419	0
NOTE	54	55.7393989562988	0.132371723651886	0
NOTE	55	56.4303398132324	0.284537851810455	0.2868179
NOTE	56	57.1103057861328	0.775561392307281	0
NOTE	57	58.9119033813477	0.849726438522339	0
NOTE	58	59.387638092041	0.169454291462898	0
NOTE	59	59.8321151733398	0.856119930744171	0
NOTE	60	60.0814056396484	0.596542418003082	0.3709581
NOTE	61	60.7466888427734	0.14515882730484	0
NOTE	62	61.8774642944336	0.839496672153473	0.2571429
NOTE	63	62.5694427490234	0.244898021221161	0
NOTE	64	63.0064353942871	0.705232501029968	0
NOTE	65	63.4710464477539	0.188634842634201	0
NOTE	66	64.3710174560547	0.278144389390945	0
NOTE	67	67.118766784668	0.154109790921211	0
NOTE	68	65.5359497070313	0.85484117269516	0.2571429
NOTE	69	68.6875915856346	0.232110917568207	0.1731679
NOTE	70	70.5064010620117	0.18224136531353	0.2571429
NOTE	71	72.3116238190465	0.234668235383509	0.2571429
NOTE	72	75.9643630981445	0.316046261878963	0.2571429
NOTE	73	79.5979156799265	0.686051905155182	0.2333089
NOTE	74	80.0641250610352	0.155388504266739	0
NOTE	75	80.4805908203125	0.859955966472626	0
NOTE	76	80.9558181762695	0.481458693742752	0
NOTE	77	81.1948699951172	0.884251415729523	0
NOTE	78	81.3892288208008	0.683494448661804	0
NOTE	79	81.5362777709961	0.133650436997414	0
NOTE	80	81.7642288208008	0.345915794372559	0
NOTE	81	83.2434310913086	0.821594834327698	0.2571429
NOTE	82	83.6997680664063	0.276865780353546	0.2571429
NOTE	83	85.5095901489258	0.678379654884338	0.2288074
NOTE	84	86.8589477539063	0.668150007724762	0.2249907
NOTE	85	87.3203048706055	0.186077415943146	0.2746328
NOTE	86	88.2306976318359	0.806250333786011	0.2571429
NOTE	87	89.1259765625	0.620837807655334	0.3418553
NOTE	88	90.5154190063477	0.872743129730225	0.2571429
NOTE	89	90.9558944702148	0.214208945631981	0.1833460
NOTE	90	91.8847198486328	0.692445397377014	0.2571429
NOTE	91	92.7748641967773	0.790905892848969	0.2571429
NOTE	92	93.6654510498047	0.320341676473618	0.2571429
NOTE	93	94.6109161376953	0.157945856451988	0
NOTE	94	95.5022201538086	0.250012785196304	0
NOTE	95	96.8711700509198	0.831824481487274	0
NOTE	96	96.4218215942383	0.499360606074333	0.2571429
NOTE	97	97.3256912231445	0.501918012494031	0.2571429
NOTE	98	98.695701616073	0.159224603016266	0
NOTE	99	99.1523971557617	0.67070746421814	0
NOTE	100	99.5959243774414	0.347194492816925	0
NOTE	101	100.049194335938	0.500639259815216	0.1894672
NOTE	102	100.512023925781	0.784512293166466	0
NOTE	103	101.431243895192	0.218045031702256	0
NOTE	104	102.33080291748	0.225717380642891	0
NOTE	105	102.779769897461	0.806250333786011	0
NOTE	106	103.22509765625	0.23722568154335	0
NOTE	107	104.136856087923	0.230832221140265	0
NOTE	108	105.967689545097	0.184798835969339	0
NOTE	109	106.430862426758	0.663035154342651	0
NOTE	110	106.873115539551	0.388113141059875	0
NOTE	111	107.355133056641	0.527492165565491	0
NOTE	112	107.773506164551	0.769167840480804	0
NOTE	113	108.687782287598	0.127256840467453	0
NOTE	114	109.60725402832	0.366375267505646	0
NOTE	115	110.048721313477	0.606772124767303	0
NOTE	116	110.517074584961	0.499360732734203	0
NOTE	117	110.982139625542	0.78323370218277	0.2571429
NOTE	118	110.982139625542	0.215487761141233	0.2571429
NOTE	119	111.434242248535	0.38555571436882	0
NOTE	120	111.890968322754	0.569689571857452	0.2571429
NOTE	121	112.337799072266	0.306275993585587	0
NOTE	122	114.149963378906	0.195028349757195	0
NOTE	123	115.52165222168	0.173290446400642	0
NOTE	124	116.435150146484	0.22955347597599	0
NOTE	125	115.97289276123	0.783233642578125	0
NOTE	126	116.883155822754	0.783233642578125	0
NOTE	127	117.33553314209	0.304997235536575	0
NOTE	128	117.793853759766	0.840775370597839	0
NOTE	129	38.9228858947754	0.517262578010559	0.2571429
NOTE	130	54.6070823669434	0.258963733911514	0
NOTE	131	56.194896697998	0.808807790279388	0
NOTE	132	66.1930618286133	0.265357285737991	0
NOTE	133	74.1350326538086	0.193749651312828	0.2571429
NOTE	134	19.8294849395752	0.816479980945587	0.3848515
NOTE	135	30.7488880157471	0.684773147106171	0.3063830
NOTE	136	50.9701271057129	0.198864549398422	0
NOTE	137	66.666633605957	0.646412014961243	0
NOTE	138	68.2093734741211	0.500639393531088	0
NOTE	139	70.0587463378906	0.790905833244324	0
NOTE	140	73.6825180053711	0.851005136966705	0
NOTE	141	75.5058364868164	0.499360650777817	0
NOTE	142	77.328369140625	0.179683893918991	0
NOTE	143	77.7962799072266	0.804971635341644	0.1811685
NOTE	144	79.1488342285156	0.502557456493378	0
NOTE	145	95.0568773414515	0.755102038383484	0
NOTE	146	97.7920150756836	0.701396352522691	0
NOTE	147	105.057426452637	0.7154620885849	0
NOTE	148	112.801620483398	0.794741928577423	0.3037975
NOTE	149	115.059371948242	0.495524495840073	0
NOTE	150	113.251190185547	0.504475474357605	0
NOTE	151	113.730979919434	0.611886858940125	0
NOTE	152	114.602882385254	0.849726378917694	0.3037975
NOTE	153	10.0508937835693	0.246176660060883	0
NOTE	154	23.4683074951172	0.718019545078278	0.3037975
NOTE	155	30.2910938262939	0.319063007831573	0
NOTE	156	58.2339019775391	0.328013926744461	0.3037975
NOTE	157	63.6881866455078	0.676757752895355	0
NOTE	158	75.9643630981445	0.682215869426727	0.2571429
NOTE	159	79.5979156799265	0.319063014025293	0.2333089
NOTE	160	95.960693359375	0.806250333786011	0
NOTE	161	96.8711700509198	0.160503149305082	0
NOTE	162	97.7920150756836	0.298603743314743	0
NOTE	163	98.695701616073	0.826709628105164	0
NOTE	164	100.512023925781	0.21804516017437	0
NOTE	165	100.957786560059	0.502557396888733	0.3037975
NOTE	166	101.431243895192	0.77811872959137	0
NOTE	167	103.704627990723	0.43734335899353	0.3037975
NOTE	168	104.136856087923	0.771725237369537	0
NOTE	169	104.592124938965	0.573525726795197	0.3037975
NOTE	170	105.057426452637	0.283259258641067	0
NOTE	171	105.967689545097	0.817652344703674	0
NOTE	172	107.773506164551	0.228274722539425	0
NOTE	173	7.34089183807373	0.25512769818306	0.3037975
NOTE	174	23.4683074951172	0.285816608715258	0.3037975
NOTE	175	45.5161437988281	0.462278187274933	0
NOTE	176	68.6875915856346	0.76916786949397	0.1731679
NOTE	177	71.8612060546875	0.496803253889084	0
NOTE	178	72.3116238190465	0.770446538925171	0.3037975
NOTE	179	94.1354064941406	0.761495590209961	0
NOTE	180	108.230941772461	0.513426423072815	0
NOTE	181	3.70761632919312	0.84589022397995	0
NOTE	182	5.07928848266602	0.827988386154175	0
NOTE	183	8.25643157958984	0.799856841564178	0
NOTE	184	11.4292421340942	0.203979343175888	0
NOTE	185	11.6460390090942	0.399621516466141	0
NOTE	186	15.0653991699219	0.182241290807724	0
NOTE	187	15.2877283096313	0.390670567750931	0
NOTE	188	22.3370475769043	0.885530173778534	0
NOTE	189	21.8820533752441	0.203979447484016	0
NOTE	190	34.3798713684082	0.698838889598846	0.3600000
NOTE	191	34.3798713684082	0.298603683710098	0.3600000
NOTE	192	37.0951493740082	0.509590327739716	0
NOTE	193	40.7391967773438	0.225717410445213	0
NOTE	194	41.884090423584	0.744872391223907	0
NOTE	195	49.1587600708008	0.164339393377304	0
NOTE	196	67.3382415771484	0.785791099071503	0.3600000
NOTE	197	69.1492462158203	0.495524495840073	0.3600000
NOTE	198	70.9988850951195	0.765331745147705	0.3600000
NOTE	199	72.7826331853867	0.500639379024506	0.3600000
NOTE	200	74.6073837280273	0.826709687709808	0.3600000
NOTE	201	76.4266891479492	0.499131068587303	0.3600000
NOTE	202	78.2431335449219	0.312669456005096	0.3600000
NOTE	203	81.8709977269173	0.559459924697876	0.3600000
NOTE	204	82.7559967041016	0.242340624332428	0
NOTE	205	84.6083984375	0.851005017757416	0
NOTE	206	85.0564346313477	0.189913555979729	0
NOTE	207	86.4082565307617	0.325456470251083	0
NOTE	208	88.6977157592773	0.228274777531624	0
NOTE	209	89.9974807024002	0.258963763713837	0
NOTE	210	92.3283386230469	0.175847753882408	0
NOTE	211	98.2534663438797	0.507032930850983	0
NOTE	212	101.864730834961	0.505754232406616	0
NOTE	213	109.1477039814	0.815201272560287	0
NOTE	214	52.8552742004395	0.186077401041985	0.3600000
NOTE	215	105.522603988647	0.526213526725769	0
LINK 77 78
LINK 79 80
LINK 184 185
LINK 186 187
