VERSION 2
BPM 280
PAGE_SHIFT 0
PAGE_SIZE 0.857142857142857
NOTE	0	1.88642942905426	0.194339647889137	0
NOTE	1	2.34169626235962	0.879135131835938	0
NOTE	2	2.58018255233765	0.151055067777634	0
NOTE	3	3.47652244567871	0.811250865459442	0
NOTE	4	3.2447874546051	0.140999838709831	0
NOTE	5	4.38209295272827	0.259085118770599	0
NOTE	6	4.84088611602783	0.0997626185417175	0
NOTE	7	5.06780290603638	0.904990792274475	0
NOTE	8	5.29346990585327	0.282769083976746	0
NOTE	9	4.61820268630981	0.74352365732193	0
NOTE	10	6.20152759552002	0.858415842056274	0
NOTE	11	6.89137077331543	0.857475757598877	0
NOTE	12	118.021041870117	0.292210280895233	0.2571429
NOTE	13	4.15155792236328	0.900874614715576	0
NOTE	14	5.51421308517456	0.596542358398438	0.2571429
NOTE	15	5.97054195404053	0.209094166755676	0
NOTE	16	7.12972640991211	0.140044018626213	0
NOTE	17	7.34109973907471	0.881694078445435	0
NOTE	18	7.80103158950806	0.197585836052895	0
NOTE	19	8.01635646820068	0.652805507183075	0
NOTE	20	8.48256206512451	0.824152231216431	0
NOTE	21	8.25538539886475	0.370211273431778	0
NOTE	22	8.70968055725098	0.187356203794479	0
NOTE	23	8.9190788269043	0.822873532772064	0
NOTE	24	9.15613269805908	0.218045115470886	0.2571429
NOTE	25	10.064492225647	0.866349518299103	0.2212221
NOTE	26	10.9711666107178	0.862513422966003	0
NOTE	27	11.2039232254028	0.165618121623993	0
NOTE	28	11.4350500106812	0.60805070400238	0
NOTE	29	11.6543254852295	0.298603683710098	0.2571429
NOTE	30	12.1184988021851	0.76916778087616	0
NOTE	31	12.5649499893188	0.265357285737991	0.2571429
NOTE	32	2.78855419158936	0.652805507183075	0.2571429
NOTE	33	3.71300768852234	0.377883464097977	0.2571429
NOTE	34	6.4284987449646	0.315226852893829	0.2571429
NOTE	35	14.6087884902954	0.820316076278687	0
NOTE	36	14.8497924804688	0.817758679389954	0
NOTE	37	15.0663223266602	0.127256944775581	0
NOTE	38	15.2942695617676	0.193290323019028	0
NOTE	39	15.1579627990723	0.290931433439255	0
NOTE	40	15.7505416870117	0.816479980945587	0
NOTE	41	16.1962242126465	0.137486591935158	0
NOTE	42	16.2847156524658	0.322899103164673	0
NOTE	43	16.4297504425049	0.834381937980652	0.3702497
NOTE	44	18.25465965271	0.17201167345047	0
NOTE	45	18.4699840545654	0.811365187168121	0
NOTE	46	18.6991348266602	0.811365187168121	0
NOTE	47	18.9361324310303	0.209094226360321	0
NOTE	48	19.3806076049805	0.816479980945587	0
NOTE	49	19.8516245654651	0.152831047773361	0
NOTE	50	19.9314136505127	0.269193381071091	0
NOTE	51	20.0230531522206	0.152831047773361	0
NOTE	52	21.8827514648438	0.821594834327698	0.2571429
NOTE	53	22.3370475769043	0.134929165244102	0
NOTE	54	22.5622501373291	0.570968270301819	0.2571429
NOTE	55	23.0106773376465	0.184798717498779	0
NOTE	56	23.4765338897705	0.826709628105164	0.2571429
NOTE	57	25.5345497131348	0.816479980945587	0
NOTE	58	25.759693145752	0.132371723651886	0
NOTE	59	25.9750175476074	0.361260324716568	0
NOTE	60	26.2041683197021	0.133650481700897	0
NOTE	61	26.6502723693848	0.728249192237854	0.2571429
NOTE	62	27.1105518341064	0.281980574131012	0.2571429
NOTE	63	29.1941890716553	0.842054128646851	0
NOTE	64	29.3779067993164	0.148994907736778	0
NOTE	65	29.6189117431641	0.148994907736778	0
NOTE	66	29.8342361450195	0.820316135883331	0
NOTE	67	30.2882423400879	0.331850081682205	0.2571429
NOTE	68	30.7497291564941	0.902153313159943	0
NOTE	69	30.856143951416	0.711625993251801	0
NOTE	70	30.9736652374268	0.17073293030262	0.3977637
NOTE	71	32.7827758789063	0.839496731758118	0
NOTE	72	33.0218048095703	0.202700674533844	0
NOTE	73	33.262809753418	0.202700674533844	0
NOTE	74	33.477783203125	0.825430929660797	0
NOTE	75	33.926212310791	0.513426542282104	0
NOTE	76	34.3864288361371	0.779397487640381	0.5909205
NOTE	77	34.3864288361371	0.210372775793076	0.5850001
NOTE	78	36.4246940612793	0.81008642911911	0
NOTE	79	36.6538453102112	0.81008642911911	0
NOTE	80	36.8355866840908	0.192470967769623	0
NOTE	81	37.1098251342773	0.492967128753662	0.2571429
NOTE	82	37.560230255127	0.813922584056854	0
NOTE	83	38.2357788085938	0.166896797869057	0.2571429
NOTE	84	38.2357788085938	0.840775430202484	0.2571429
NOTE	85	38.6996612548828	0.524934828281403	0
NOTE	86	38.9228858947754	0.524934828281403	0
NOTE	87	39.1816704613822	0.524934828281403	0
NOTE	88	39.6043586730957	0.813922584056854	0
NOTE	89	39.8354873657227	0.189913541078568	0
NOTE	90	40.0666153430939	0.783233642578125	0.2190989
NOTE	91	40.5285186767578	0.193749710917473	0
NOTE	92	40.7398948669434	0.813922524452209	0
NOTE	93	40.9729957580566	0.192470982670784	0
NOTE	94	41.1981391906738	0.821594834327698	0
NOTE	95	41.6505165100098	0.186077505350113	0
NOTE	96	41.4371719360352	0.532607078552246	0
NOTE	97	41.8776931762695	0.821594834327698	0.1203292
NOTE	98	42.3139266967773	0.788348436355591	0
NOTE	99	42.5588760375977	0.556902468204498	0
NOTE	100	42.7840805053711	0.737200140953064	0
NOTE	101	43.2462768554688	0.142601355910301	0
NOTE	102	43.4714813232422	0.372768670320511	0
NOTE	103	43.7045822143555	0.168175533413887	0
NOTE	104	44.184268951416	0.821594774723053	0
NOTE	105	44.3837890625	0.556902468204498	0
NOTE	106	44.6286888122559	0.81008642911911	0
NOTE	107	44.8479614257813	0.133650496602058	0
NOTE	108	45.065264071737	0.362539023160934	0
NOTE	109	45.2924385070801	0.188634857535362	0
NOTE	110	45.5074157714844	0.81903737783432	0.2571429
NOTE	111	45.9815216064453	0.66175639629364	0
NOTE	112	46.1988258361816	0.128535618831085	0
NOTE	113	46.4417457580566	0.324177742004395	0
NOTE	114	46.882266998291	0.154109761118889	0
NOTE	115	47.1074714660645	0.648969411849976	0
NOTE	116	47.3323287963867	0.876579225063324	0
NOTE	117	47.8044548034668	0.221881285309792	0
NOTE	118	48.0157749141966	0.423916965723038	0
NOTE	119	48.2409744262695	0.807529032230377	0
NOTE	120	48.4622268676758	0.115748524665833	0
NOTE	121	48.7032279968262	0.921334028244019	0
NOTE	122	48.9458618164063	0.525200486183167	0
NOTE	123	49.1414337158203	0.684773206710815	0.2571429
NOTE	124	49.5898628234863	0.525200486183167	0
NOTE	125	49.1414337158203	0.313948184251785	0.2571429
NOTE	126	49.8327865600586	0.842054188251495	0
NOTE	127	50.0915718078613	0.136207848787308	0
NOTE	128	50.5143165588379	0.792184591293335	0
NOTE	129	50.7450981140137	0.19758577644825	0
NOTE	130	50.9643707275391	0.764052987098694	0.4642007
NOTE	131	51.6537475585938	0.191192284226418	0.2571429
NOTE	132	52.1061248779297	0.781954884529114	0.1776145
NOTE	133	52.4415969848633	0.306275844573975	0.2571429
NOTE	134	52.7892799377441	0.784512341022491	0.2571429
NOTE	135	53.2435760498047	0.137486591935158	0
NOTE	136	53.4608764648438	0.416244685649872	0
NOTE	137	53.7196578979492	0.150273650884628	0
NOTE	138	54.1499633789063	0.839496672153473	0
NOTE	139	54.3850402832031	0.613165616989136	0
NOTE	140	54.598388671875	0.870185673236847	0
NOTE	141	55.0744132995605	0.184798687696457	0
NOTE	142	55.2897382974625	0.397064089775085	0
NOTE	143	55.5287666320801	0.18351998925209	0
NOTE	144	55.7516441345215	0.900874674320221	0
NOTE	145	55.9926528930664	0.724413096904755	0
NOTE	146	56.1961250305176	0.907268226146698	0
NOTE	147	56.4173736572266	0.294767528772354	0.1422027
NOTE	148	56.9052505493164	0.753823399543762	0
NOTE	149	57.1047744750977	0.536443173885345	0
NOTE	150	57.333927154541	0.725691854953766	0
NOTE	151	57.7859573364258	0.166896849870682	0
NOTE	152	58.0170822143555	0.418802082538605	0
NOTE	153	58.2324066162109	0.166896834969521	0
NOTE	154	58.7084274291992	0.842054128646851	0
NOTE	155	58.9119033813477	0.631067514419556	0
NOTE	156	59.1418571472168	0.839496731758118	0
NOTE	157	59.387638092041	0.175847783684731	0
NOTE	158	59.6029624938965	0.375326126813889	0
NOTE	159	59.8321151733398	0.169454291462898	0
NOTE	160	60.0789909362793	0.834381878376007	0.2571429
NOTE	161	60.537296295166	0.692445397377014	0
NOTE	162	60.9656219482422	0.840775370597839	0
NOTE	163	60.7466888427734	0.14515882730484	0
NOTE	164	61.421947479248	0.177126541733742	0
NOTE	165	61.6451759338379	0.939235866069794	0
NOTE	166	61.874267578125	0.498081922531128	0.2571429
NOTE	167	62.332576751709	0.806250393390656	0
NOTE	168	62.5577735900879	0.569689571857452	0
NOTE	169	62.7885551452637	0.150273650884628	0
NOTE	170	63.0374641418457	0.354866741797245	0
NOTE	171	63.227108001709	0.163473252895198	0
NOTE	172	63.4779319763184	0.826709628105164	0
NOTE	173	63.6853523254395	0.560738623142242	0.2571429
NOTE	174	64.1436538696289	0.833103179931641	0
NOTE	175	64.3803558349609	0.175847813487053	0
NOTE	176	64.6193923950195	0.175847813487053	0
NOTE	177	65.0579452514648	0.797299444675446	0
NOTE	178	65.3008728027344	0.186077415943146	0
NOTE	179	65.9547424316406	0.136207863688469	0
NOTE	180	66.2033004760742	0.334407478570938	0
NOTE	181	66.4364013671875	0.124699622392654	0
NOTE	182	66.6596298217773	0.334407478570938	0
NOTE	183	66.9223098754883	0.90854686498642	0
NOTE	184	67.10009765625	0.505754172801971	0
NOTE	185	67.3331985473633	0.265357315540314	0.2571429
NOTE	186	67.3331985473633	0.733363988693817	0.2571429
NOTE	187	65.5359463180814	0.757659435272217	0.2571429
NOTE	188	67.7864303588867	0.917497873306274	0
NOTE	189	68.059814453125	0.643854558467865	0
NOTE	190	68.2407882383892	0.148994922637939	0
NOTE	191	68.4647750854492	0.354866713285446	0
NOTE	192	68.6899247510093	0.503196775913239	0.2571429
NOTE	193	69.1514129638672	0.880415380001068	0
NOTE	194	69.3754043579102	0.613165616989136	0
NOTE	195	69.6133193969727	0.138765200972557	0
NOTE	196	69.8471984863281	0.338243544101715	0
NOTE	197	70.0479202270508	0.917497754096985	0
NOTE	198	70.2521591186523	0.634903609752655	0
NOTE	199	70.5227355957031	0.273029506206512	0.2571429
NOTE	200	70.9605178833008	0.921333968639374	0
NOTE	201	71.1418533325195	0.655362904071808	0
NOTE	202	71.4283599853516	0.0978466272354126	0
NOTE	203	71.6187744140625	0.356145441532135	0
NOTE	204	71.8570327758789	0.907268226146698	0
NOTE	205	71.9891204833984	0.684773206710815	0
NOTE	206	72.316047668457	0.262799799442291	0.2571429
NOTE	207	72.8581390380859	0.945629417896271	0
NOTE	208	73.0051345825195	0.671986103057861	0
NOTE	209	73.2414169311523	0.0965678989887238	0
NOTE	210	73.3923187255859	0.389391988515854	0
NOTE	211	73.7152862548828	0.890644967556	0
NOTE	212	73.8940277099609	0.673264741897583	0
NOTE	213	74.1500625610352	0.143880128860474	0
NOTE	214	74.3049240112305	0.437982767820358	0
NOTE	215	74.6257934570313	0.733364045619965	0
NOTE	216	74.7767028808594	0.953301668167114	0
NOTE	217	74.9157562255859	0.677100956439972	0
NOTE	218	75.0453567504883	0.93734335899353	0
NOTE	219	75.2517547607422	0.688609302043915	0
NOTE	220	75.5174407958984	0.175847887992859	0
NOTE	221	75.5984344482422	0.398342788219452	0
NOTE	222	75.753288269043	0.155388399958611	0
NOTE	223	75.9658737182617	0.798578143119812	0.2571429
NOTE	224	75.878173828125	0.455884575843811	0
NOTE	225	76.4257965087891	0.168175533413887	0
NOTE	226	77.3297348022461	0.163060754537582	0
NOTE	227	77.5596618652344	0.40601509809494	0
NOTE	228	77.7868270874023	0.721855700016022	0
NOTE	229	76.878173828125	0.77044665813446	0
NOTE	230	78.2499389648438	0.141322612762451	0
NOTE	231	78.4443054199219	0.426474362611771	0
NOTE	232	78.6845397949219	0.905989468097687	0
NOTE	233	78.8255615234375	0.655362904071808	0
NOTE	234	79.1329116821289	0.134929060935974	0
NOTE	235	79.3391265869141	0.473786443471909	0
NOTE	236	79.5979156494141	0.830545783042908	0.1163701
NOTE	237	80.0617922203881	0.230832189321518	0
NOTE	238	80.4805908203125	0.799856722354889	0
NOTE	239	80.9447555541992	0.257685005664825	0
NOTE	240	81.1948699951172	0.683494448661804	0
NOTE	241	81.3892288208008	0.884251415729523	0
NOTE	242	81.5362777709961	0.133650436997414	0
NOTE	243	81.7642288208008	0.345915794372559	0
NOTE	244	81.8709030151367	0.808807790279388	0.2571429
NOTE	245	82.337043762207	0.161782026290894	0.2571429
NOTE	246	83.2434310913086	0.821594834327698	0.2571429
NOTE	247	82.7815170288086	0.564574718475342	0.2571429
NOTE	248	83.6997680664063	0.313948273658752	0.2571429
NOTE	249	84.154052734375	0.733364045619965	0.2571429
NOTE	250	84.6005096435547	0.250012814998627	0.2270030
NOTE	251	85.0643920898438	0.87274307012558	0.2571429
NOTE	252	85.5049209594727	0.289652734994888	0.1955365
NOTE	253	85.9572372436523	0.680937051773071	0.2571429
NOTE	254	86.4076385498047	0.258963704109192	0.1637900
NOTE	255	86.8636169433594	0.866349577903748	0.2571429
NOTE	256	87.3179702758789	0.24617663025856	0.1106011
NOTE	257	87.7821502685547	0.691166698932648	0.2566325
NOTE	258	88.2867126464844	0.228274837136269	0.2571429
NOTE	259	88.7023620605469	0.870185673236847	0.2571429
NOTE	260	89.1438598632813	0.207815498113632	0.3418553
NOTE	261	89.607063293457	0.673264801502228	0.2571429
NOTE	262	90.0571136474609	0.264078587293625	0.2571429
NOTE	263	90.5154190063477	0.848447680473328	0.2571429
NOTE	264	90.9558944702148	0.214208945631981	0.2571429
NOTE	265	91.40234375	0.648969352245331	0.2571429
NOTE	266	91.8800506591797	0.270472139120102	0.2571429
NOTE	267	92.3344039916992	0.790905892848969	0.2152943
NOTE	268	92.7748641967773	0.163060635328293	0.2571429
NOTE	269	93.2390975952148	0.761495590209961	0.1894738
NOTE	270	93.6654510498047	0.320341676473618	0.2571429
NOTE	271	94.137580871582	0.789627194404602	0.1481334
NOTE	272	94.6155853271484	0.202700644731522	0
NOTE	273	95.0541305541992	0.844611525535584	0
NOTE	274	95.2868957519531	0.174569100141525	0
NOTE	275	95.5022201538086	0.806250333786011	0
NOTE	276	95.7175369262695	0.12853567302227	0
NOTE	277	95.9466934204102	0.825430989265442	0
NOTE	278	96.2311019897461	0.344637095928192	0
NOTE	279	96.8945083618164	0.234668225049973	0
NOTE	280	97.1058807373047	0.659198999404907	0
NOTE	281	96.4148178100586	0.851005077362061	0.2571429
NOTE	282	97.3350296020508	0.154109746217728	0.2571429
NOTE	283	97.7873458862305	0.784512281417847	0
NOTE	284	98.0125503540039	0.319062978029251	0
NOTE	285	98.2654037475586	0.86890697479248	0.2571429
NOTE	286	98.6957015991211	0.172011658549309	0
NOTE	287	98.9367141723633	0.73336398601532	0
NOTE	288	99.1500625610352	0.136207953095436	0
NOTE	289	99.3772354125977	0.770446538925171	0
NOTE	290	99.6122589111328	0.324177771806717	0
NOTE	291	99.8374633789063	0.807529032230377	0
NOTE	292	100.046859741211	0.212930262088776	0.1894672
NOTE	293	100.504806518555	0.86890697479248	0
NOTE	294	100.745819091797	0.335686296224594	0
NOTE	295	100.96509552002	0.799856781959534	0
NOTE	296	101.431243896484	0.12086333334446	0
NOTE	297	101.678176879883	0.716740965843201	0
NOTE	298	101.88362121582	0.209094181656837	0
NOTE	299	102.323799133301	0.900874614715576	0
NOTE	300	102.562828063965	0.315226882696152	0
NOTE	301	102.782104492188	0.773003935813904	0
NOTE	302	103.02108001709	0.131093069911003	0
NOTE	303	103.234436035156	0.89959591627121	0
NOTE	304	103.455680847168	0.232110932469368	0
NOTE	305	103.731895446777	0.851005077362061	0
NOTE	306	104.136856079102	0.302439779043198	0
NOTE	307	104.373908996582	0.843332827091217	0
NOTE	308	104.606948852539	0.202700659632683	0
NOTE	309	105.055381774902	0.874021768569946	0
NOTE	310	105.300338745117	0.210372895002365	0
NOTE	311	105.541000366211	0.726970493793488	0
NOTE	312	105.96768951416	0.0927319228649139	0
NOTE	313	106.200805664063	0.827988386154175	0
NOTE	314	106.43977355957	0.319062978029251	0
NOTE	315	106.664970397949	0.766610383987427	0
NOTE	316	106.868446350098	0.127256900072098	0
NOTE	317	107.115371704102	0.811365127563477	0
NOTE	318	107.348129272461	0.315226793289185	0
NOTE	319	107.78076171875	0.872743129730225	0
NOTE	320	108.031578063965	0.168175518512726	0
NOTE	321	108.685447692871	0.138765215873718	0
NOTE	322	108.219246319362	0.697560250759125	0.2571429
NOTE	323	108.928092956543	0.797299325466156	0
NOTE	324	109.151315450668	0.321620404720306	0.2571429
NOTE	325	109.601722717285	0.725691854953766	0
NOTE	326	109.815002441406	0.169454261660576	0
NOTE	327	109.994773864746	0.844611465930939	0
NOTE	328	110.27725982666	0.141322731971741	0
NOTE	329	110.486656188965	0.804971635341644	0
NOTE	330	110.766822814941	0.496803287864026	0
NOTE	331	110.982139625542	0.698839017153375	0.2571429
NOTE	332	110.982139625542	0.294767558574677	0.2571429
NOTE	333	111.429573059082	0.897038519382477	0
NOTE	334	111.655731201172	0.109355114400387	0
NOTE	335	111.876972130367	0.866349577903748	0.2571429
NOTE	336	112.344802856445	0.105518959462643	0
NOTE	337	112.573955101626	0.670707404613495	0
NOTE	338	112.797180175781	0.161782070994377	0
NOTE	339	113.261360168457	0.853562474250793	0
NOTE	340	113.484580993652	0.294767528772354	0
NOTE	341	113.721641540527	0.880415320396423	0
NOTE	342	113.929061889648	0.214208990335464	0
NOTE	343	114.149963378906	0.683494448661804	0
NOTE	344	114.387016296387	0.260242462158203	0
NOTE	345	114.606285095215	0.622116506099701	0
NOTE	346	115.076393127441	0.849726378917694	0
NOTE	347	115.303573608398	0.124699518084526	0
NOTE	348	115.518890380859	0.788348436355591	0
NOTE	349	115.97289276123	0.275586932897568	0
NOTE	350	116.198098250798	0.856119871139526	0
NOTE	351	116.435150146484	0.232110977172852	0
NOTE	352	116.88549041748	0.693724155426025	0
NOTE	353	117.112678527832	0.157945945858955	0
NOTE	354	117.337867736816	0.753823339939117	0
NOTE	355	117.602241516113	0.316505521535873	0
NOTE	356	117.793853759766	0.840775370597839	0
LINK 37 39 38
LINK 41 42
LINK 49 50 51
LINK 68 69
LINK 188 189
LINK 190 191
LINK 193 194
LINK 195 196
LINK 197 198
LINK 200 201
LINK 202 203
LINK 204 205
LINK 207 208
LINK 209 210
LINK 211 212
LINK 213 214
LINK 215 216 217 218 219
LINK 220 221 222 224
LINK 226 227
LINK 230 231
LINK 232 233
LINK 234 235
LINK 240 241
LINK 242 243
