VERSION 2
BPM 300
PAGE_SHIFT 0
PAGE_SIZE 0.8
NOTE	0	2.61573696136475	0.286976635456085	0.5733804
NOTE	1	6.62641143798828	0.819058239459991	0.5726621
NOTE	2	8.8735876083374	0.206536740064621	0
NOTE	3	9.3529634475708	0.808807730674744	0
NOTE	4	9.85625553131104	0.192470952868462	0
NOTE	5	10.3596000671387	0.816479980945587	0
NOTE	6	11.3456296920776	0.829267084598541	0
NOTE	7	11.8987560272217	0.235946983098984	0
NOTE	8	12.3483076095581	0.848447680473328	0
NOTE	9	12.8626613616943	0.175847798585892	0
NOTE	10	13.3291301727295	0.830545842647552	0
NOTE	11	13.8906412124634	0.587376356124878	0
NOTE	12	15.3749941587448	0.799856781959534	0
NOTE	13	15.8709630966187	0.271750777959824	0
NOTE	14	16.4221935272217	0.794741928577423	0
NOTE	15	16.8625259399414	0.246176719665527	0
NOTE	16	17.3529644012451	0.835660576820374	0
NOTE	17	17.8525676727295	0.186077445745468	0
NOTE	18	18.3337879180908	0.844611525535584	0
NOTE	19	20.1314315795898	0.249633833765984	0
NOTE	20	20.8790760040283	0.760231673717499	0
NOTE	21	21.3549137115479	0.192569926381111	0
NOTE	22	21.8632850646973	0.463382035493851	0
NOTE	23	22.2489719390869	0.816812515258789	0
NOTE	24	23.400806427002	0.803692936897278	0
NOTE	25	23.8986210823059	0.193749696016312	0
NOTE	26	24.3484420776367	0.796020686626434	0.2400000
NOTE	27	24.8791198730469	0.180962637066841	0
NOTE	28	25.3677158355713	0.81903737783432	0
NOTE	29	25.8580989837646	0.197585791349411	0
NOTE	30	26.3577575683594	0.834381937980652	0
NOTE	31	26.8680019378662	0.351073443889618	0
NOTE	32	27.3493194580078	0.813922524452209	0
NOTE	33	27.8526630401611	0.172011733055115	0
NOTE	34	28.3734016418457	0.859956026077271	0
NOTE	35	28.5105581283569	0.769807189702988	0
NOTE	36	28.6477146148682	0.679658353328705	0
NOTE	37	28.8718795776367	0.184798792004585	0
NOTE	38	29.3531017303467	0.830545842647552	0
NOTE	39	29.867151260376	0.460263520479202	0
NOTE	40	30.3175983428955	0.856265366077423	0
NOTE	41	31.3620891571045	0.826709687709808	0
NOTE	42	31.8322467803955	0.216766387224197	0
NOTE	43	32.3606300407742	0.879136621952057	0
NOTE	44	32.5153007107273	0.764692339985999	0
NOTE	45	32.6699713806804	0.650248111100694	0
NOTE	46	33.3474311828613	0.269193381071091	0
NOTE	47	33.8488845825195	0.838218033313751	0
NOTE	48	34.3540725708008	0.163060694932938	0
NOTE	49	34.8368110656738	0.851005077362061	0
NOTE	50	35.3474731445313	0.147716209292412	0
NOTE	51	35.8434410095215	0.849726319313049	0
NOTE	52	36.8571281433105	0.83693927526474	0
NOTE	53	37.334659576416	0.155388459563255	0
NOTE	54	37.848747253418	0.792184591293335	0
NOTE	55	38.3281211853027	0.111912406980991	0
NOTE	56	38.6165924072266	0.802102506160736	0.2400000
NOTE	57	39.5685882568359	0.232110887765884	0.2400000
NOTE	58	41.3714027404785	0.219323828816414	0
NOTE	59	40.8735885620117	0.794741988182068	0
NOTE	60	41.6387519836426	0.850725173950195	0
NOTE	61	42.606819152832	0.823876023292542	0.2400000
NOTE	62	43.5874328613281	0.526575326919556	0.2629114
NOTE	63	44.8663444519043	0.215487733483315	0
NOTE	64	45.3549423217773	0.769167840480804	0
NOTE	65	45.8653984069824	0.476803541183472	0
NOTE	66	46.2340927124023	0.817758679389954	0
NOTE	67	46.6710052490234	0.207815498113632	0.3956622
NOTE	68	48.8772735595703	0.179683893918991	0
NOTE	69	49.3548049926758	0.85201358795166	0
NOTE	70	49.6348838806152	0.252913624048233	0
NOTE	71	50.247013092041	0.195865735411644	0
NOTE	72	50.6251678466797	0.700557827949524	0.2845876
NOTE	73	52.8608169555664	0.810086488723755	0
NOTE	74	53.3512535095215	0.21804504096508	0
NOTE	75	53.8690299987793	0.816480040550232	0
NOTE	76	54.2248725891113	0.223159968852997	0
NOTE	77	54.6470375061035	0.797299385070801	0.4196300
NOTE	78	56.8773040771484	0.480390340089798	0
NOTE	79	57.3763046350525	0.8011354804039	0
NOTE	80	57.8581008911133	0.498042851686478	0
NOTE	81	58.3430099487305	0.802414238452911	0
NOTE	82	58.6247787475586	0.175847813487053	0.2400000
NOTE	83	60.8681907653809	0.840775430202484	0
NOTE	84	61.3586311340332	0.124699406325817	0
NOTE	85	61.638557434082	0.836939334869385	0
NOTE	86	61.8819313049316	0.422638267278671	0
NOTE	87	62.2414665222168	0.801135540008545	0
NOTE	88	62.6138496398926	0.211651548743248	0.2400000
NOTE	89	64.8700256347656	0.424870401620865	0
NOTE	90	65.3529663168335	0.175847813487053	0
NOTE	91	65.8362731933594	0.483847409486771	0
NOTE	92	66.328254699707	0.201421946287155	0
NOTE	93	66.6063461303711	0.788348436355591	0.2400000
NOTE	94	68.1012420654297	0.146437555551529	0
NOTE	95	68.3741226196289	0.839496672153473	0
NOTE	96	68.6138076782227	0.21420893073082	0
NOTE	97	68.8663482666016	0.842054188251495	0
NOTE	98	69.3641586303711	0.140043988823891	0
NOTE	99	69.6238021850586	0.829267024993896	0
NOTE	100	69.8634872436523	0.368932545185089	0
NOTE	101	70.2469940185547	0.85484117269516	0
NOTE	102	70.6120071411133	0.178405240178108	0.2400000
NOTE	103	72.8644332885742	0.498864352703094	0
NOTE	104	73.3744964599609	0.775093138217926	0
NOTE	105	73.8561630249023	0.535593509674072	0
NOTE	106	74.3005981445313	0.856119930744171	0
NOTE	107	74.6247787475586	0.206536799669266	0.2400000
NOTE	108	76.1436462402344	0.156667143106461	0
NOTE	109	76.6101226806641	0.165618047118187	0
NOTE	110	76.862663269043	0.821594834327698	0
NOTE	111	77.3475723266602	0.14132271707058	0
NOTE	112	77.6588363647461	0.849726378917694	0
NOTE	113	78.2986145019531	0.15410977602005	0
NOTE	114	78.6046295166016	0.847168982028961	0.2400000
NOTE	115	76.3630572080612	0.820316135883331	0
NOTE	116	77.8653411865234	0.353588074445724	0
NOTE	117	80.129035949707	0.166896834969521	0
NOTE	118	80.357666015625	0.871464431285858	0
NOTE	119	80.5936584472656	0.186077415943146	0.2063415
NOTE	120	81.3675994873047	0.46147495508194	0
NOTE	121	81.8470346964454	0.180962651968002	0
NOTE	122	82.3356246948242	0.84589022397995	0
NOTE	123	82.6100311279297	0.203979343175888	0.2400000
NOTE	124	84.1436462402344	0.802414238452911	0
NOTE	125	84.3704376220703	0.177126497030258	0
NOTE	126	84.5990524291992	0.771725237369537	0
NOTE	127	84.8737258911133	0.234668344259262	0
NOTE	128	85.3475723266602	0.879136681556702	0
NOTE	129	85.6440887451172	0.195028364658356	0
NOTE	130	85.869026184082	0.623395264148712	0
NOTE	131	86.3059921264648	0.22188127040863	0
NOTE	132	86.6249160766602	0.775561392307281	0.2400000
NOTE	133	88.8754348754883	0.200143247842789	0
NOTE	134	89.3584976196289	0.820316135883331	0
NOTE	135	89.8617858886719	0.203979358077049	0
NOTE	136	90.3577575683594	0.856119930744171	0
NOTE	137	90.6192474365234	0.221881210803986	0.2400000
NOTE	138	92.1086196899414	0.787069737911224	0
NOTE	139	92.3722763061523	0.163060814142227	0
NOTE	140	92.6138076782227	0.753823399543762	0
NOTE	141	92.862663269043	0.201421931385994	0
NOTE	142	93.3457260131836	0.86890697479248	0
NOTE	143	93.6330261230469	0.138765320181847	0
NOTE	144	93.852424621582	0.554345071315765	0
NOTE	145	94.2379302978516	0.535323441028595	0
NOTE	146	94.6101608307683	0.78323358297348	0.2400000
NOTE	147	96.1124420166016	0.191192299127579	0
NOTE	148	96.3742523193359	0.877857863903046	0
NOTE	149	96.6213150024414	0.170733004808426	0
NOTE	150	97.3529663085938	0.482216686010361	0
NOTE	151	97.8599700927734	0.196307092905045	0
NOTE	152	98.3486328125	0.460424870252609	0
NOTE	153	98.6137161286729	0.206536754965782	0.2400000
NOTE	154	100.10124206543	0.794741988182068	0
NOTE	155	100.364898681641	0.114469826221466	0
NOTE	156	100.62117767334	0.793463230133057	0
NOTE	157	100.875564575195	0.154109790921211	0
NOTE	158	101.353103637695	0.843332827091217	0
NOTE	159	101.603523254395	0.186077445745468	0
NOTE	160	101.859802246094	0.629788756370544	0
NOTE	161	102.24333190918	0.515487551689148	0
NOTE	162	102.615692141886	0.761495590209961	0.2400000
NOTE	163	36.3439025878906	0.147716164588928	0
NOTE	164	36.4810600280762	0.304357782006264	0
NOTE	165	36.6182174682617	0.460999399423599	0
NOTE	166	0.882806718349457	0.178405225276947	0.5838600
NOTE	167	4.86952352523804	0.177971094846725	0
NOTE	168	5.36650133132935	0.863540291786194	0
NOTE	169	5.6303539276123	0.170423597097397	0
NOTE	170	5.88065671920776	0.586796820163727	0
NOTE	171	6.28150367736816	0.141491383314133	0
NOTE	172	10.6280574798584	0.220740616321564	0.2400000
NOTE	173	13.6321678161621	0.184260800480843	0
NOTE	174	14.2470426559448	0.169165655970573	0
NOTE	175	14.614627456665	0.650950968265533	0.2400000
NOTE	176	18.6189875602722	0.237093657255173	0.2400000
NOTE	177	20.3677177429199	0.790580630302429	0
NOTE	178	20.6343441009521	0.194324180483818	0
NOTE	179	21.6503067016602	0.78429102897644	0
NOTE	180	22.6164398193359	0.195582151412964	0.2400000
NOTE	181	26.6171741485596	0.506289541721344	0
NOTE	182	29.6285400390625	0.175455302000046	0
NOTE	183	30.6055583953857	0.223256468772888	0.2400000
NOTE	184	34.615364074707	0.440877497196198	0
NOTE	185	37.6303558349609	0.506289601325989	0
NOTE	186	41.8672294616699	0.638371765613556	0
NOTE	187	42.1284141540527	0.272315472364426	0
NOTE	188	45.6285400390625	0.186776652932167	0
NOTE	189	49.8490905761719	0.584280908107758	0
NOTE	190	51.3747215270996	0.240867406129837	0.3586126
NOTE	191	52.3767852783203	0.623276650905609	0.2400000
NOTE	192	53.6231002807617	0.527674317359924	0
NOTE	193	57.3763046350525	0.150296822190285	0
NOTE	194	60.1119728088379	0.172939449548721	0
NOTE	195	60.3713493347168	0.727684378623962	0
NOTE	196	60.6125793457031	0.206903472542763	0
NOTE	197	64.1094284057617	0.804417848587036	0
NOTE	198	64.3633575439453	0.15910230576992	0
NOTE	199	64.6463165283203	0.83586597442627	0
NOTE	200	65.3529663168335	0.829576311385956	0
NOTE	201	72.1491394042969	0.767183303833008	0
NOTE	202	72.2921447753906	0.663781821727753	0
NOTE	203	72.3952407836914	0.850961089134216	0
NOTE	204	73.3744964599609	0.252188742160797	0
NOTE	205	81.8470346964454	0.764164209365845	0
NOTE	206	88.1291855096817	0.213193029165268	0
NOTE	207	88.2527160644531	0.331437975168228	0
NOTE	208	88.3708038330078	0.198097884654999	0
NOTE	209	88.4647445678711	0.338985532522202	0
NOTE	210	94.6101608307683	0.266025900840759	0.2400000
NOTE	211	97.8599700927734	0.766680121421814	0
NOTE	212	98.6137161286729	0.650951034637529	0.2400000
NOTE	213	102.615692141886	0.243383287085294	0.2400000
NOTE	214	1.8581577539444	0.711331367492676	0.4085090
LINK 34 35 36
LINK 43 44 45
LINK 163 164 165
LINK 201 202 203
LINK 206 207 208 209
