VERSION 2
BPM 300
PAGE_SHIFT 0
PAGE_SIZE 0.8
NOTE	0	0.882806718349457	0.178405225276947	0.5838600
NOTE	1	2.62661957740784	0.821594774723053	0.5733804
NOTE	2	4.87372350692749	0.1988645195961	0.5929433
NOTE	3	6.49400472640991	0.820316135883331	0.5726621
NOTE	4	8.8735876083374	0.206536740064621	0
NOTE	5	9.3529634475708	0.808807730674744	0
NOTE	6	9.85625553131104	0.192470952868462	0
NOTE	7	10.3596000671387	0.816479980945587	0
NOTE	8	10.8423385620117	0.216766342520714	0
NOTE	9	11.3456296920776	0.829267084598541	0
NOTE	10	11.8987560272217	0.235946983098984	0
NOTE	11	12.3483076095581	0.848447680473328	0
NOTE	12	12.8626613616943	0.175847798585892	0
NOTE	13	13.3291301727295	0.830545842647552	0
NOTE	14	13.8598070144653	0.187356203794479	0
NOTE	15	14.3705272674561	0.844611525535584	0
NOTE	16	14.8867254257202	0.253848880529404	0
NOTE	17	15.3749941587448	0.799856781959534	0
NOTE	18	15.8709630966187	0.271750777959824	0
NOTE	19	16.4221935272217	0.794741928577423	0
NOTE	20	16.8625259399414	0.246176719665527	0
NOTE	21	17.3529644012451	0.835660576820374	0
NOTE	22	17.8525676727295	0.186077445745468	0
NOTE	23	18.3337879180908	0.844611525535584	0
NOTE	24	18.8239006996155	0.235947012901306	0
NOTE	25	19.3032242059708	0.821594834327698	0
NOTE	26	19.8452877044678	0.274308264255524	0
NOTE	27	20.396244764328	0.845890283584595	0
NOTE	28	20.8681926727295	0.219323873519897	0
NOTE	29	21.353099822998	0.817758679389954	0
NOTE	30	21.8505886316299	0.220602482557297	0
NOTE	31	22.3686828613281	0.836939334869385	0
NOTE	32	22.9180679321289	0.253848910331726	0
NOTE	33	23.400806427002	0.803692936897278	0
NOTE	34	23.8986210823059	0.193749696016312	0
NOTE	35	24.3484420776367	0.796020686626434	0.2400000
NOTE	36	24.8791198730469	0.180962637066841	0
NOTE	37	25.3677158355713	0.81903737783432	0
NOTE	38	25.8580989837646	0.197585791349411	0
NOTE	39	26.3577575683594	0.834381937980652	0
NOTE	40	26.8589324951172	0.198864504694939	0
NOTE	41	27.3493194580078	0.813922524452209	0
NOTE	42	27.8526630401611	0.172011733055115	0
NOTE	43	28.3734016418457	0.859956026077271	0
NOTE	44	28.5105581283569	0.769807189702988	0
NOTE	45	28.6477146148682	0.679658353328705	0
NOTE	46	28.8718795776367	0.184798792004585	0
NOTE	47	29.3531017303467	0.830545842647552	0
NOTE	48	29.8653373718262	0.183520033955574	0
NOTE	49	30.3502464294434	0.865070819854736	0
NOTE	50	30.8387861728668	0.186077475547791	0
NOTE	51	31.3620891571045	0.826709687709808	0
NOTE	52	31.8322467803955	0.216766387224197	0
NOTE	53	32.3606300407742	0.879136621952057	0
NOTE	54	32.5153007107273	0.764692339985999	0
NOTE	55	32.6699713806804	0.650248111100694	0
NOTE	56	33.3474311828613	0.269193381071091	0
NOTE	57	33.8488845825195	0.838218033313751	0
NOTE	58	34.3540725708008	0.163060694932938	0
NOTE	59	34.8368110656738	0.851005077362061	0
NOTE	60	35.3474731445313	0.147716209292412	0
NOTE	61	35.8434410095215	0.849726319313049	0
NOTE	62	36.8571281433105	0.83693927526474	0
NOTE	63	37.334659576416	0.155388459563255	0
NOTE	64	37.848747253418	0.792184591293335	0
NOTE	65	38.3281211853027	0.111912406980991	0
NOTE	66	38.8941006660461	0.783233642578125	0.2400000
NOTE	67	39.5685882568359	0.232110887765884	0.2400000
NOTE	68	41.3714027404785	0.219323828816414	0
NOTE	69	40.8735885620117	0.794741988182068	0
NOTE	70	41.8654747009277	0.756380796432495	0
NOTE	71	42.3596000671387	0.328013926744461	0
NOTE	72	42.8589363098145	0.265357285737991	0.2400000
NOTE	73	43.6037559509277	0.780676186084747	0.2629114
NOTE	74	44.8663444519043	0.215487733483315	0
NOTE	75	45.3549423217773	0.769167840480804	0
NOTE	76	45.869026184082	0.195028364658356	0
NOTE	77	46.2340927124023	0.817758679389954	0
NOTE	78	46.6710052490234	0.207815498113632	0.3956622
NOTE	79	48.8772735595703	0.179683893918991	0
NOTE	80	49.354806804657	0.835660576820374	0
NOTE	81	49.8507232666016	0.196307063102722	0
NOTE	82	50.2397575378418	0.788348436355591	0
NOTE	83	50.6487464904785	0.262799918651581	0.2845876
NOTE	84	52.8608169555664	0.810086488723755	0
NOTE	85	53.3512535095215	0.21804504096508	0
NOTE	86	53.8690299987793	0.816480040550232	0
NOTE	87	54.2248725891113	0.223159968852997	0
NOTE	88	54.6470375061035	0.797299385070801	0.4196300
NOTE	89	56.8791160583496	0.183520048856735	0
NOTE	90	57.3658676147461	0.8011354804039	0
NOTE	91	57.8581008911133	0.186077445745468	0
NOTE	92	58.3430099487305	0.802414238452911	0
NOTE	93	58.6247787475586	0.175847813487053	0.2400000
NOTE	94	60.8681907653809	0.840775430202484	0
NOTE	95	61.3586311340332	0.124699406325817	0
NOTE	96	61.638557434082	0.836939334869385	0
NOTE	97	61.8819313049316	0.422638267278671	0
NOTE	98	62.2414665222168	0.801135540008545	0
NOTE	99	62.6138496398926	0.211651548743248	0.2400000
NOTE	100	64.8772811889648	0.79218453168869	0
NOTE	101	65.3529663085938	0.175847813487053	0
NOTE	102	65.8544082641602	0.78323358297348	0
NOTE	103	66.328254699707	0.201421946287155	0
NOTE	104	66.6063461303711	0.788348436355591	0.2400000
NOTE	105	68.1012420654297	0.146437555551529	0
NOTE	106	68.3741226196289	0.839496672153473	0
NOTE	107	68.6138076782227	0.21420893073082	0
NOTE	108	68.8663482666016	0.842054188251495	0
NOTE	109	69.3641586303711	0.140043988823891	0
NOTE	110	69.6238021850586	0.829267024993896	0
NOTE	111	69.8634872436523	0.368932545185089	0
NOTE	112	70.2469940185547	0.85484117269516	0
NOTE	113	70.6120071411133	0.178405240178108	0.2400000
NOTE	114	72.8680572509766	0.159224659204483	0
NOTE	115	73.3621826171875	0.824152231216431	0
NOTE	116	73.8507232666016	0.174569025635719	0
NOTE	117	74.3005981445313	0.856119930744171	0
NOTE	118	74.6247787475586	0.206536799669266	0.2400000
NOTE	119	76.1436462402344	0.156667143106461	0
NOTE	120	76.6101226806641	0.165618047118187	0
NOTE	121	76.862663269043	0.821594834327698	0
NOTE	122	77.3475723266602	0.14132271707058	0
NOTE	123	77.6588363647461	0.849726378917694	0
NOTE	124	78.2986145019531	0.15410977602005	0
NOTE	125	78.6046295166016	0.847168982028961	0.2400000
NOTE	126	76.3630572080612	0.820316135883331	0
NOTE	127	77.8653411865234	0.353588074445724	0
NOTE	128	80.129035949707	0.166896834969521	0
NOTE	129	80.357666015625	0.871464431285858	0
NOTE	130	80.5936584472656	0.186077415943146	0.2063415
NOTE	131	81.3603439331055	0.799856781959534	0
NOTE	132	81.8470346927643	0.180962651968002	0
NOTE	133	82.3356246948242	0.84589022397995	0
NOTE	134	82.6100311279297	0.203979343175888	0.2400000
NOTE	135	84.1436462402344	0.802414238452911	0
NOTE	136	84.3704376220703	0.177126497030258	0
NOTE	137	84.5990524291992	0.771725237369537	0
NOTE	138	84.8737258911133	0.234668344259262	0
NOTE	139	85.3475723266602	0.879136681556702	0
NOTE	140	85.6440887451172	0.195028364658356	0
NOTE	141	85.869026184082	0.623395264148712	0
NOTE	142	86.3059921264648	0.22188127040863	0
NOTE	143	86.6249160766602	0.775561392307281	0.2400000
NOTE	144	88.8754348754883	0.200143247842789	0
NOTE	145	89.3584976196289	0.820316135883331	0
NOTE	146	89.8617858886719	0.203979358077049	0
NOTE	147	90.3577575683594	0.856119930744171	0
NOTE	148	90.6192474365234	0.221881210803986	0.2400000
NOTE	149	92.1086196899414	0.787069737911224	0
NOTE	150	92.3722763061523	0.163060814142227	0
NOTE	151	92.6138076782227	0.753823399543762	0
NOTE	152	92.862663269043	0.201421931385994	0
NOTE	153	93.3457260131836	0.86890697479248	0
NOTE	154	93.6330261230469	0.138765320181847	0
NOTE	155	93.852424621582	0.554345071315765	0
NOTE	156	94.2470016479492	0.157945886254311	0
NOTE	157	94.6101608276367	0.78323358297348	0.2400000
NOTE	158	96.1124420166016	0.191192299127579	0
NOTE	159	96.3742523193359	0.877857863903046	0
NOTE	160	96.6213150024414	0.170733004808426	0
NOTE	161	97.3529663085938	0.605493366718292	0
NOTE	162	97.8599395751953	0.196307092905045	0
NOTE	163	98.3540725708008	0.812643885612488	0
NOTE	164	98.6137161254883	0.206536754965782	0.2400000
NOTE	165	100.10124206543	0.794741988182068	0
NOTE	166	100.364898681641	0.114469826221466	0
NOTE	167	100.62117767334	0.793463230133057	0
NOTE	168	100.875564575195	0.154109790921211	0
NOTE	169	101.353103637695	0.843332827091217	0
NOTE	170	101.603523254395	0.186077445745468	0
NOTE	171	101.859802246094	0.629788756370544	0
NOTE	172	102.245147705078	0.175847768783569	0
NOTE	173	102.615692138672	0.761495590209961	0.2400000
NOTE	174	36.3439025878906	0.147716164588928	0
NOTE	175	36.4810600280762	0.304357782006264	0
NOTE	176	36.6182174682617	0.460999399423599	0
LINK 43 44 45
LINK 53 54 55
LINK 174 175 176
