VERSION 2
BPM 300
PAGE_SHIFT 0
PAGE_SIZE 0.8
NOTE	0	2.629469871521	0.186342626810074	0.4371969
NOTE	1	6.62030649185181	0.182548254728317	0.4590570
NOTE	2	8.8717737197876	0.307170778512955	0
NOTE	3	9.36203193664551	0.841513752937317	0
NOTE	4	9.87076568603516	0.376127958297729	0
NOTE	5	10.3668556213379	0.574958384037018	0
NOTE	6	11.3909740447998	0.34622386097908	0
NOTE	7	12.3483076095581	0.848447680473328	0
NOTE	8	12.8742084503174	0.597252607345581	0
NOTE	9	13.3635921478271	0.366371512413025	0
NOTE	10	13.865701675415	0.168487265706062	0
NOTE	11	15.3638515472412	0.694191098213196	0
NOTE	12	16.1005554199219	0.213580563664436	0
NOTE	13	16.3596992492676	0.850396335124969	0
NOTE	14	16.8793029785156	0.621038317680359	0
NOTE	15	17.3646087646484	0.352617353200912	0
NOTE	16	17.8640155792236	0.739564418792725	0
NOTE	17	20.1314315795898	0.226991161704063	0
NOTE	18	20.8697471618652	0.552674055099487	0
NOTE	19	21.3529205322266	0.378742814064026	0
NOTE	20	21.8671398162842	0.11619471013546	0
NOTE	21	22.2377490997314	0.662087738513947	0
NOTE	22	23.400806427002	0.803692936897278	0
NOTE	23	23.8986210823059	0.193749696016312	0
NOTE	24	24.3466281890869	0.50543999671936	0.3200389
NOTE	25	24.8791198730469	0.180962637066841	0
NOTE	26	25.3677158355713	0.81903737783432	0
NOTE	27	25.8578720092773	0.368663609027863	0
NOTE	28	26.361385345459	0.58028107881546	0
NOTE	29	26.8632411956787	0.585047543048859	0
NOTE	30	27.8715782165527	0.13804779946804	0
NOTE	31	28.875846862793	0.236373752355576	0
NOTE	32	29.3531017303467	0.830545842647552	0
NOTE	33	29.8707790374756	0.616246223449707	0
NOTE	34	30.241418838501	0.375738024711609	0
NOTE	35	31.8630809783936	0.231861472129822	0
NOTE	36	33.3546867370605	0.193717822432518	0
NOTE	37	33.8488845825195	0.838218033313751	0
NOTE	38	34.3540725708008	0.163060694932938	0
NOTE	39	34.8658332824707	0.380541115999222	0
NOTE	40	35.4915390014648	0.169100970029831	0
NOTE	41	35.8525085449219	0.858531773090363	0
NOTE	42	36.871898651123	0.774042963981628	0
NOTE	43	37.3710670471191	0.189352467656136	0
NOTE	44	37.8673553466797	0.378327161073685	0
NOTE	45	38.2316017150879	0.589923977851868	0
NOTE	46	38.6220321655273	0.280063629150391	0.4446351
NOTE	47	39.5377540588379	0.735280871391296	0.3289132
NOTE	48	41.3527450561523	0.361469388008118	0
NOTE	49	40.873607635498	0.589700222015381	0
NOTE	50	41.6314964294434	0.737511932849884	0
NOTE	51	42.656810760498	0.56851726770401	0.3019176
NOTE	52	44.8738594055176	0.415497779846191	0
NOTE	53	45.3549423217773	0.599347949028015	0
NOTE	54	45.8702735900879	0.808895766735077	0
NOTE	55	46.2327308654785	0.186280310153961	0
NOTE	56	46.687328338623	0.407825589179993	0.3956622
NOTE	57	48.8806762695313	0.788519620895386	0
NOTE	58	49.3560523986816	0.150091454386711	0
NOTE	59	49.6263809204102	0.801368951797485	0
NOTE	60	50.2415733337402	0.604691326618195	0
NOTE	61	50.6987419128418	0.81377100944519	0.3035161
NOTE	62	52.8685913085938	0.574854493141174	0
NOTE	63	53.3512535095215	0.37905940413475	0
NOTE	64	53.8672180175781	0.195582121610641	0
NOTE	65	54.2393836975098	0.775389075279236	0
NOTE	66	54.7540512084961	0.564583241939545	0.3126163
NOTE	67	56.8791160583496	0.567187190055847	0
NOTE	68	57.8599128723145	0.80749237537384	0
NOTE	69	58.3647766113281	0.19609434902668	0
NOTE	70	58.6193389892578	0.601026475429535	0.2400000
NOTE	71	60.8681907653809	0.824422419071198	0
NOTE	72	61.3586311340332	0.216527923941612	0
NOTE	73	61.625862121582	0.723726093769073	0
NOTE	74	61.8682174682617	0.408801168203354	0
NOTE	75	62.2342109680176	0.594835817813873	0
NOTE	76	62.6123733520508	0.228004559874535	0.2400000
NOTE	77	64.8754653930664	0.637459754943848	0
NOTE	78	65.3656616210938	0.38592129945755	0
NOTE	79	65.8634796142578	0.799586594104767	0
NOTE	80	66.3624572753906	0.206453457474709	0
NOTE	81	66.6154174804688	0.579532861709595	0.2525823
NOTE	82	68.1266326904297	0.346447646617889	0
NOTE	83	68.3686828613281	0.594201266765594	0
NOTE	84	68.6140975952148	0.366417765617371	0
NOTE	85	68.8748931884766	0.833248674869537	0
NOTE	86	69.3659744262695	0.171492144465446	0
NOTE	87	69.6238021850586	0.829267024993896	0
NOTE	88	69.8761825561523	0.371448397636414	0
NOTE	89	70.2415542602539	0.620867073535919	0
NOTE	90	70.6295700073242	0.151988819241524	0.2400000
NOTE	91	72.869873046875	0.512701511383057	0
NOTE	92	73.3744964685216	0.775093138217926	0
NOTE	93	73.8670425415039	0.558236181735992	0
NOTE	94	74.3495712280273	0.370560884475708	0
NOTE	95	76.1217651367188	0.208242014050484	0
NOTE	96	76.6189346313477	0.217193007469177	0
NOTE	97	76.8766555786133	0.590136528015137	0
NOTE	98	77.3626022338867	0.397939413785934	0
NOTE	99	77.6292953491211	0.813246548175812	0
NOTE	100	78.236946105957	0.735271096229553	0
NOTE	101	78.6080322265625	0.466017693281174	0.3253023
NOTE	102	76.3672027587891	0.827863693237305	0
NOTE	103	77.8681259155273	0.185026124119759	0
NOTE	104	80.129035949707	0.166896834969521	0
NOTE	105	80.357666015625	0.871464431285858	0
NOTE	106	80.5997848510742	0.207462161779404	0.2063415
NOTE	107	81.3554077148438	0.592299163341522	0
NOTE	108	82.3301849365234	0.593047320842743	0
NOTE	109	82.6193542480469	0.367509573698044	0.2400000
NOTE	110	84.1248245239258	0.3684301674366	0
NOTE	111	84.3602294921875	0.603563129901886	0
NOTE	112	84.6135635375977	0.41321662068367	0
NOTE	113	84.8737258911133	0.78312361240387	0
NOTE	114	85.3711471557617	0.158345639705658	0
NOTE	115	85.636833190918	0.613917350769043	0
NOTE	116	85.8654022216797	0.366778582334518	0
NOTE	117	86.2425079345703	0.640770316123962	0
NOTE	118	86.6231002807617	0.371767491102219	0.4435677
NOTE	119	88.8754348754883	0.200143247842789	0
NOTE	120	89.3584976196289	0.820316135883331	0
NOTE	121	89.8690338134766	0.430405825376511	0
NOTE	122	90.3632049560547	0.595729470252991	0
NOTE	123	90.6192474365234	0.221881210803986	0.1807539
NOTE	124	92.119499206543	0.582027971744537	0
NOTE	125	92.370979309082	0.385713517665863	0
NOTE	126	92.6244354248047	0.580229699611664	0
NOTE	127	92.8704376220703	0.216517060995102	0
NOTE	128	93.3578491210938	0.795947313308716	0
NOTE	129	93.6257705688477	0.382802784442902	0
NOTE	130	93.8708267211914	0.597114562988281	0
NOTE	131	94.2441482543945	0.503875255584717	0
NOTE	132	96.1209869384766	0.825186610221863	0
NOTE	133	96.3724365234375	0.15077731013298	0
NOTE	134	96.6213150024414	0.78082662820816	0
NOTE	135	97.360221862793	0.353908360004425	0
NOTE	136	97.8599700927734	0.0843517631292343	0
NOTE	137	98.3540725708008	0.671756267547607	0
NOTE	138	100.121192932129	0.634985506534576	0
NOTE	139	100.377593994141	0.392471194267273	0
NOTE	140	100.60848236084	0.61106413602829	0
NOTE	141	100.877380371094	0.215748116374016	0
NOTE	142	101.360359191895	0.853396236896515	0
NOTE	143	101.625289916992	0.372250378131866	0
NOTE	144	101.872497558594	0.619725406169891	0
NOTE	145	102.228820800781	0.490329056978226	0
NOTE	146	102.615692141886	0.761495590209961	0.4509761
NOTE	147	4.87326431274414	0.311311155557632	0
NOTE	148	5.36650133132935	0.863540291786194	0
NOTE	149	5.6303539276123	0.349048942327499	0
NOTE	150	5.87725591659546	0.608181536197662	0
NOTE	151	6.24806213378906	0.424524456262589	0
NOTE	152	13.6339817047119	0.702525913715363	0
NOTE	153	14.2289047241211	0.775485515594482	0
NOTE	154	14.6213493347168	0.459746450185776	0.4489454
NOTE	155	18.6277160644531	0.471067696809769	0.3074315
NOTE	156	20.3661632537842	0.845929324626923	0
NOTE	157	20.6258411407471	0.154070615768433	0
NOTE	158	21.6285419464111	0.706299722194672	0
NOTE	159	26.6191005706787	0.360370278358459	0
NOTE	160	29.6285400390625	0.351564824581146	0
NOTE	161	30.6200695037842	0.62076073884964	0.3205199
NOTE	162	34.6189918518066	0.596860229969025	0
NOTE	163	37.6337585449219	0.867314100265503	0
NOTE	164	41.8744850158691	0.177971184253693	0
NOTE	165	42.2318000793457	0.746553242206573	0
NOTE	166	45.6285400390625	0.186776652932167	0
NOTE	167	49.8626937866211	0.423266500234604	0
NOTE	168	53.6128959655762	0.816480040550232	0
NOTE	169	57.365421295166	0.404397696256638	0
NOTE	170	60.124927520752	0.381755024194717	0
NOTE	171	60.3653869628906	0.599376022815704	0
NOTE	172	60.6169853210449	0.374207496643066	0
NOTE	173	63.8262176513672	0.4056556224823	0
NOTE	174	64.3654327392578	0.848445236682892	0
NOTE	175	64.6463165283203	0.201871752738953	0
NOTE	176	73.3744964685216	0.252188742160797	0
NOTE	177	88.1291885375977	0.813313093090557	0
NOTE	178	88.2617874145508	0.659711480140686	0
NOTE	179	88.3599243164063	0.871087789535522	0
NOTE	180	88.4792556762695	0.629566192626953	0
NOTE	181	97.8599700927734	0.611955318683114	0
NOTE	182	102.615692141886	0.243383287085294	0.4509761
NOTE	183	1.8581577539444	0.605665683746338	0.1989851
NOTE	184	10.6233930587769	0.215708896517754	0
NOTE	185	10.8403844833374	0.834608018398285	0.3596155
NOTE	186	0.87883061170578	0.271057665348053	0
NOTE	187	1.3614764213562	0.795612335205078	0
NOTE	188	1.62085545063019	0.316342860460281	0
NOTE	189	2.25102353096008	0.372949540615082	0
NOTE	190	2.49003839492798	0.816997051239014	0
NOTE	191	6.49765300750732	0.790580689907074	0
NOTE	192	12.1195917129517	0.171681553125381	0
NOTE	193	12.6226100921631	0.201871871948242	0
NOTE	194	16.6157379150391	0.262075036764145	0
NOTE	195	18.3697834014893	0.250930845737457	0
NOTE	196	19.3672580718994	0.741521596908569	0
NOTE	197	28.1322593688965	0.64088761806488	0
NOTE	198	28.3707733154297	0.337727636098862	0
NOTE	199	28.6071224212646	0.614471137523651	0
NOTE	200	31.1242122650146	0.180487051606178	0
NOTE	201	31.5028133392334	0.819512903690338	0
NOTE	202	32.1199722290039	0.610697388648987	0
NOTE	203	32.368579864502	0.369175732135773	0
NOTE	204	36.1191711425781	0.400623917579651	0
NOTE	205	36.6164398193359	0.403139770030975	0
NOTE	206	36.3678741455078	0.62076073884964	0
NOTE	207	40.1186599731445	0.20438751578331	0
NOTE	208	40.3560485839844	0.823286652565002	0
NOTE	209	42.4903984069824	0.32011678814888	0
NOTE	210	43.353199005127	0.199355885386467	0
NOTE	211	43.6228790283203	0.711331367492676	0.2066066
NOTE	212	46.4955596923828	0.630824208259583	0
NOTE	213	47.6109619140625	0.198097974061966	0.2250000
NOTE	214	50.4987182617188	0.185518726706505	0
NOTE	215	54.4983329772949	0.327664285898209	0
NOTE	216	56.1203117370605	0.194324180483818	0
NOTE	217	56.3564491271973	0.83209216594696	0
NOTE	218	59.3719825744629	0.8081915974617	0.2250000
NOTE	219	63.1025886535645	0.844671428203583	0
NOTE	220	67.1117401123047	0.330180078744888	0
NOTE	221	67.3711166381836	0.810707449913025	0.4955510
NOTE	222	63.3671760559082	0.384270846843719	0
NOTE	223	63.6094436645508	0.598118126392365	0
NOTE	224	72.3825454711914	0.341501444578171	0
NOTE	225	72.2794494628906	0.154322177171707	0
NOTE	226	72.1364440917969	0.238099962472916	0
NOTE	227	75.1008911132813	0.839639782905579	0
NOTE	228	75.8641586303711	0.574217617511749	0
NOTE	229	79.1150207519531	0.610697388648987	0
NOTE	230	79.5009994506836	0.34401723742485	0
NOTE	231	79.8720321655273	0.580507099628448	0
NOTE	232	83.1132888793945	0.813223242759705	0
NOTE	233	83.4923706054688	0.199355855584145	0
NOTE	234	83.8656768798828	0.775485515594482	0
NOTE	235	91.116943359375	0.832092225551605	0
NOTE	236	91.3759841918945	0.425782352685928	0
NOTE	237	95.1171340942383	0.614471137523651	0
NOTE	238	7.37665987014771	0.606923580169678	0
NOTE	239	7.62173414230347	0.337727665901184	0
NOTE	240	7.87540483474731	0.608181536197662	0
NOTE	241	22.6205005645752	0.375465363264084	0.2057143
NOTE	242	27.1150493621826	0.384270817041397	0
NOTE	243	27.489200592041	0.845929384231567	0
NOTE	244	35.106273651123	0.57044380903244	0
NOTE	245	40.6199760437012	0.210677221417427	0
NOTE	246	44.3521118164063	0.20061382651329	0
NOTE	247	44.6132545471191	0.788064777851105	0
NOTE	248	47.3555946350098	0.803159952163696	0
NOTE	249	48.3498001098633	0.664788067340851	0
NOTE	250	51.3616142272949	0.371691644191742	0
NOTE	251	51.6188697814941	0.581765115261078	0.2477977
NOTE	252	52.3656234741211	0.842155575752258	0
NOTE	253	56.6185340881348	0.196840047836304	0
NOTE	254	59.1113471984863	0.419492781162262	0
NOTE	255	64.1239318847656	0.150296822190285	0
NOTE	256	74.6043930053711	0.830834150314331	0
NOTE	257	74.870964050293	0.1616180986166	0
NOTE	258	81.8646545410156	0.383012920618057	0
NOTE	259	94.6295700073242	0.189292550001111	0.2057143
NOTE	260	94.6295700073242	0.80944949388504	0.2057143
NOTE	261	95.419319152832	0.335211873054504	0
NOTE	262	95.6426773071289	0.633340001106262	0
NOTE	263	95.811882019043	0.388044536113739	0
NOTE	264	99.1165008544922	0.849703192710876	0
NOTE	265	99.3621368408203	0.221998438239098	0
NOTE	266	99.6217193603516	0.868571996688843	0
NOTE	267	99.8562164306641	0.218224719166756	0
NOTE	268	3.60870242118835	0.742779493331909	0.3912976
NOTE	269	11.8698873519897	0.599376082420349	0
NOTE	270	32.6190986633301	0.567927956581116	0.1863398
NOTE	271	48.6045913696289	0.349048972129822	0
NOTE	272	52.6270904541016	0.204387560486794	0
NOTE	273	71.3809051513672	0.764164209365845	0.2400000
NOTE	274	75.4944381713867	0.388044685125351	0
NOTE	275	98.6208038330078	0.889956711232269	0
NOTE	276	98.6208038330078	0.415719002485275	0
NOTE	277	8.27629566192627	0.170423671603203	0.2400000
NOTE	278	8.27629566192627	0.849703122451716	0.2400000
LINK 177 178 179 180
LINK 226 225 224
