VERSION 2
BPM 320
PAGE_SHIFT 0
PAGE_SIZE 0.75
NOTE	0	0.81380307674408	0.284631970198916	0.4361969
NOTE	1	0.81380307674408	0.743374884128571	0.4361969
NOTE	2	2.15352344512939	0.661464273929596	0
NOTE	3	4.32380056381226	0.622489392757416	0
NOTE	4	4.87140941619873	0.405787646770477	0.3768902
NOTE	5	7.07308101654053	0.748853996359561	0.4269190
NOTE	6	8.71654796600342	0.273269127540196	0
NOTE	7	8.91340255737305	0.734548568725586	0
NOTE	8	9.24369621276855	0.481458783149719	0.2563038
NOTE	9	10.0380744934082	0.764738738536835	0
NOTE	10	10.0380744934082	0.232194008713778	0
NOTE	11	11.1618852615356	0.231923801240114	0
NOTE	12	11.1618852615356	0.767109215259552	0
NOTE	13	12.2121467590332	0.238338069539685	0
NOTE	14	12.2121467590332	0.764073848724365	0
NOTE	15	13.3635282516479	0.237371191382408	0
NOTE	16	13.3635282516479	0.764011280192047	0
NOTE	17	14.396279335022	0.234356608250543	0
NOTE	18	14.396279335022	0.767109274864197	0
NOTE	19	15.4867839813232	0.2373712133782	0
NOTE	20	15.4867839813232	0.770467340946198	0
NOTE	21	16.5870761871338	0.240999519824982	0
NOTE	22	16.5870761871338	0.776777684688568	0
NOTE	23	18.8829441070557	0.760778069496155	0
NOTE	24	19.0022201538086	0.249878300904458	0
NOTE	25	19.180248260498	0.76069076062236	0
NOTE	26	19.3566761016846	0.262083222006623	0
NOTE	27	21.5849723815918	0.390578925609589	0
NOTE	28	21.4067249298096	0.616564035415649	0
NOTE	29	21.2672367095947	0.407086491584778	0
NOTE	30	21.0894794464111	0.586937427520752	0
NOTE	31	24.6551113128662	0.352227449417114	0
NOTE	32	24.941686630249	0.638426780700684	0
NOTE	33	25.1907901763916	0.406609302029853	0
NOTE	34	25.4291553497314	0.603679286556961	0
NOTE	35	33.3612365722656	0.722686946392059	0
NOTE	36	33.6741256713867	0.370846927165985	0
NOTE	37	33.9417114257813	0.595135596060345	0
NOTE	38	34.1992607116699	0.402834146267175	0
NOTE	39	34.4083557128906	0.596728205680847	0
NOTE	40	34.8985900878906	0.243713371759068	0
NOTE	41	35.0565586090088	0.379848631560122	0
NOTE	42	35.214527130127	0.515983879566193	0
NOTE	43	23.287748336792	0.756733953952789	0
NOTE	44	23.6032238006592	0.726327399338203	0
NOTE	45	23.9413394927979	0.604452998909522	0
NOTE	46	27.7618179321289	0.667296570180486	0
NOTE	47	27.9851226806641	0.450392443270086	0
NOTE	48	28.1681594848633	0.672063291072845	0
NOTE	49	30.1002290323377	0.73013214386029	0
NOTE	50	30.2557957023382	0.245460376143456	0
NOTE	51	30.4733371734619	0.764343911427227	0
NOTE	52	30.6758251190186	0.249173202011674	0
NOTE	53	31.7402390241623	0.748002448963646	0
NOTE	54	31.9981822967529	0.246437065331255	0
NOTE	55	42.1227531433105	0.61787337064743	0
NOTE	56	42.3750915527344	0.363091647624969	0
NOTE	57	42.637996673584	0.586789488792419	0
NOTE	58	42.9124145507813	0.278737292750156	0
NOTE	59	43.2493362426758	0.747637748718262	0
NOTE	60	45.1110305786133	0.735421419143677	0
NOTE	61	45.2258033752441	0.248732943655387	0
NOTE	62	45.7731056213379	0.705584406852722	0
NOTE	63	45.9168968200684	0.444471681249979	0
NOTE	64	46.1537590026855	0.636679828166962	0
NOTE	65	46.5112037658691	0.734547744199062	0
NOTE	66	46.6640396118164	0.262452552636802	0
NOTE	67	47.939640045166	0.690167903900146	0
NOTE	68	48.0938911437988	0.357787251472473	0
NOTE	69	48.3927803039551	0.606115579605103	0
NOTE	70	48.9279556274414	0.26190625991649	0
NOTE	71	49.1753311157227	0.731984674930573	0
NOTE	72	49.5949020385742	0.62265557050705	0
NOTE	73	49.8474617004395	0.410154461860657	0
NOTE	74	50.1222114562988	0.589226603507996	0
NOTE	75	50.7942733764648	0.362759083509445	0
NOTE	76	51.1399307250977	0.655070781707764	0
NOTE	77	51.3559112548828	0.383247643709183	0
NOTE	78	51.6932792663574	0.570605397224426	0
NOTE	79	37.2931098937988	0.72685178085662	0
NOTE	80	38.0209770202637	0.418055750421445	0
NOTE	81	38.3111190795898	0.738625840548607	0
NOTE	82	39.2574119567871	0.394334316253662	0
NOTE	83	40.5112037658691	0.386786729097366	0
NOTE	84	41.3704109191895	0.481061369180679	0.2250000
NOTE	85	54.2270278930664	0.355338573455811	0
NOTE	86	54.9096450805664	0.767478847281403	0
NOTE	87	55.0282363891602	0.239543631672859	0
NOTE	88	55.5057220458984	0.608111917972565	0
NOTE	89	56.1412010192871	0.418304532766342	0
NOTE	90	56.4278831481934	0.234520435333252	0
NOTE	91	56.6985893249512	0.751585006713867	0
NOTE	92	56.8461837768555	0.497163951396942	0
NOTE	93	57.1280174255371	0.250060468912125	0
NOTE	94	57.3924713134766	0.261876732110977	0
NOTE	95	57.9005088806152	0.766680002212524	0
NOTE	96	58.6274833679199	0.650282323360443	0.2250000
NOTE	97	59.5339126586914	0.282147979625432	0
NOTE	98	59.7864761352539	0.762919783592224	0
NOTE	99	60.0892562866211	0.433711524287698	0
NOTE	100	60.3296585083008	0.653604984283447	0
NOTE	101	61.5976448059082	0.445085234029541	0
NOTE	102	61.8086051940918	0.64422744512558	0
NOTE	103	63.2473182678223	0.679075241088867	0
NOTE	104	63.3896331787109	0.407773017883301	0
NOTE	105	63.8037910461426	0.332376897335052	0
NOTE	106	64.5009994506836	0.381789296865463	0
NOTE	107	65.027099609375	0.627095460891724	0
NOTE	108	66.1719741821289	0.6539790590323	0
NOTE	109	66.3328323364258	0.419956177473068	0
NOTE	110	66.6265716552734	0.600428761876893	0
NOTE	111	67.6281356811523	0.681644797325134	0.4815598
NOTE	112	68.2714080810547	0.364827632904053	0
NOTE	113	68.5590972900391	0.59485650062561	0
NOTE	114	68.7961807250977	0.408490568399429	0
NOTE	115	69.0961074829102	0.683732864304103	0
NOTE	116	69.3527297973633	0.3194480240345	0.2250000
NOTE	117	70.6725463867188	0.416928112506866	0.4694596
NOTE	118	72.7966613769531	0.416142046451569	0.4448395
NOTE	119	75.0009994506836	0.612686336040497	0.5264969
NOTE	120	78.5440979003906	0.341244846582413	0
NOTE	121	79.0492172241211	0.602655947208405	0.3088303
NOTE	122	82.2854080200195	0.578358113765717	0
NOTE	123	81.8637008666992	0.387927303355088	0
NOTE	124	83.0940399169922	0.712589373091859	0
NOTE	125	84.4855422973633	0.679148554801941	0
NOTE	126	84.1012496948242	0.298375000281723	0
NOTE	127	85.2984313964844	0.57295960187912	0
NOTE	128	7.07308101654053	0.250012814998627	0.4269190
NOTE	129	10.8729562759399	0.499516531084623	0
NOTE	130	13.0556259155273	0.500691241493254	0
NOTE	131	15.2352209091187	0.52641636133194	0
NOTE	132	35.4110870361328	0.741521596908569	0
NOTE	133	39.4970893859863	0.588691649362517	0
NOTE	134	17.411527633667	0.725960682347477	0
NOTE	135	18.0970478057861	0.614669196855289	0
NOTE	136	18.2157402038574	0.360370313920896	0
NOTE	137	18.6269035339355	0.411825299263	0
NOTE	138	19.5324840545654	0.612274580284677	0
NOTE	139	19.7495517730713	0.391696956439327	0
NOTE	140	19.9927158355713	0.629566252231598	0
NOTE	141	20.1552257537842	0.410687178373337	0
NOTE	142	20.3038177490234	0.741769246462965	0
NOTE	143	20.4132270812988	0.237093477746075	0
NOTE	144	20.6044044494629	0.766851723194122	0
NOTE	145	21.7313785552979	0.612339496612549	0
NOTE	146	21.9605007171631	0.752842962741852	0
NOTE	147	22.212064743042	0.248414991869652	0
NOTE	148	22.342414855957	0.731482808027678	0
NOTE	149	11.424693107605	0.493710339069366	0.2250000
NOTE	150	13.6161909103394	0.493710249662399	0.2250000
NOTE	151	15.7920608520508	0.50125789642334	0.2250000
NOTE	152	22.7522258758545	0.627050459384918	0
NOTE	153	23.0736045837402	0.424524426460266	0
NOTE	154	23.4025897979736	0.244641227148371	0
NOTE	155	23.7868824005127	0.30774088407049	0
NOTE	156	26.1314220428467	0.742779562411187	0
NOTE	157	26.324369430542	0.370433628092925	0
NOTE	158	26.5522270202637	0.591034046718747	0
NOTE	159	26.7018642425537	0.403073464945638	0
NOTE	160	26.8719043731689	0.605665624141693	0
NOTE	161	27.0498714447021	0.266121249081481	0
NOTE	162	27.3593502044678	0.740263700485229	0
NOTE	163	27.6382217407227	0.325148373842239	0
NOTE	164	28.7284202575684	0.751585006713867	0
NOTE	165	28.8593521118164	0.250930845737457	0
NOTE	166	29.00048828125	0.749752640724182	0
NOTE	167	29.1858348846436	0.283194149569216	0
NOTE	168	29.3294696807861	0.599048048257828	0
NOTE	169	29.54372215271	0.411644279956818	0
NOTE	170	29.8106899261475	0.603122770786285	0
NOTE	171	29.9518260955811	0.415391027927399	0
NOTE	172	2.69725728034973	0.318858832120895	0
NOTE	173	17.5436992645264	0.234577719201992	0
NOTE	174	17.8156700134277	0.765422224998474	0
NOTE	175	17.9558410644531	0.241976317964955	0
NOTE	176	18.3670043945313	0.648435115814209	0
NOTE	177	20.8201084136963	0.265547100719047	0
NOTE	178	22.5980339050293	0.405208427225887	0
NOTE	179	30.9093894958496	0.630824089050293	0
NOTE	180	31.055627822876	0.359112318980683	0
NOTE	181	31.1865577697754	0.619998990998255	0
NOTE	182	31.3753070831299	0.399165458821681	0
NOTE	183	32.1297187805176	0.754100799560547	0
NOTE	184	32.3158645629883	0.39433428645134	0
NOTE	185	32.4853115081787	0.605665682955902	0
NOTE	186	35.839599609375	0.734341713712354	0
NOTE	187	36.1212921142578	0.415718994771771	0
NOTE	188	36.4001617431641	0.629566252231598	0
NOTE	189	36.6620254516602	0.447400054313983	0
NOTE	190	38.5352210998535	0.267283824210924	0
NOTE	191	39.6705284118652	0.406977641942461	0
NOTE	192	43.5837020426989	0.242125362157822	0
NOTE	193	43.7337036132813	0.396850138902664	0
NOTE	194	43.8782386779785	0.219482734799385	0
NOTE	195	44.1365242004395	0.708815515041351	0
NOTE	196	45.5225982666016	0.313125996755058	0
NOTE	197	46.3157920837402	0.451376487947657	0
NOTE	198	46.9953842163086	0.745295345783234	0
NOTE	199	47.2884788513184	0.248514413086625	0
NOTE	200	47.4689025878906	0.487420695368051	0
NOTE	201	47.6408309936523	0.247156962752342	0
NOTE	202	48.5685005187988	0.415719002485275	0
NOTE	203	51.9859085083008	0.240867476334913	0
NOTE	204	52.3208923339844	0.761648416519165	0
NOTE	205	52.5009994506836	0.396850168704987	0
NOTE	206	53.5165138244629	0.242125278943185	0
NOTE	207	53.8055877685547	0.765422105789185	0
NOTE	208	53.9484252929688	0.273449326680513	0
NOTE	209	54.1025924682617	0.637439072132111	0
NOTE	210	55.1848602294922	0.732899308853	0
NOTE	211	55.3004837036133	0.268134198792517	0
NOTE	212	55.723316192627	0.391035556793213	0
NOTE	213	56.0157928466797	0.621486186981201	0
NOTE	214	57.2539291381836	0.769195914268494	0
NOTE	215	57.6637268066406	0.296664983034134	0
NOTE	216	58.1387672424316	0.269410304139246	0
NOTE	217	58.2938652038574	0.453328660774835	0
NOTE	218	58.3873901367188	0.261693447828293	0
NOTE	219	60.6739311218262	0.442960641420239	0
NOTE	220	61.0131149291992	0.752842903137207	0
NOTE	221	61.1967620849609	0.262252136814379	0
NOTE	222	61.424617767334	0.707988858439354	0
NOTE	223	62.0191917419434	0.46759920987607	0
NOTE	224	62.3294696509838	0.744037449359894	0
NOTE	225	62.5452425479889	0.257785946423219	0
NOTE	226	62.6814575195313	0.401474868958427	0
NOTE	227	62.8363800048828	0.248414917659163	0
NOTE	228	63.9449157714844	0.749889552593231	0
NOTE	229	64.0505218505859	0.523900565754017	0
NOTE	230	64.2241516113281	0.720531967060129	0
NOTE	231	64.7420196533203	0.624534606933594	0
NOTE	232	65.4228134155273	0.783033197117597	0
NOTE	233	65.5539245605469	0.585538923740387	0
NOTE	234	65.7003402709961	0.758697388507983	0
NOTE	235	65.8974151611328	0.388044655323029	0
NOTE	236	66.9075088500977	0.245899147952171	0
NOTE	237	67.0675277709961	0.438361674547195	0
NOTE	238	67.1765365600586	0.249553520208517	0
NOTE	239	67.3615264892578	0.39572753631235	0
NOTE	240	69.8192672729492	0.629566252231598	0.2250000
NOTE	241	72.2165145874023	0.600633978843689	0
NOTE	242	74.3974914550781	0.468551814556122	0
NOTE	243	80.1280212402344	0.725168590042385	0
NOTE	244	79.7607269287109	0.289926499128342	0
NOTE	245	80.5505218505859	0.411945218819094	0
NOTE	246	80.9467163085938	0.575475513935089	0
NOTE	247	81.4970855712891	0.736489832401276	0
NOTE	248	82.7182159423828	0.276491463184357	0
NOTE	249	83.4161911010742	0.380497071213018	0
NOTE	250	83.712065577507	0.599376082420349	0
NOTE	251	84.9042892456055	0.393603358011319	0
NOTE	252	85.585578918457	0.331438034772873	0
NOTE	253	85.8746643066406	0.706299654618029	0
NOTE	254	86.2903518676758	0.438361592431813	0
NOTE	255	86.6695556640625	0.628308355808258	0.2250000
NOTE	256	25.7641277313232	0.254704654216766	0
NOTE	257	28.3072894513607	0.41571899961682	0.1927105
NOTE	258	32.6780586242676	0.483022123575211	0.2250000
NOTE	259	35.6661529541016	0.274831402933124	0
NOTE	260	36.8889846801758	0.747811257839203	0
NOTE	261	37.0471267700195	0.263510093549776	0
NOTE	262	37.6059913635254	0.416976964046512	0
NOTE	263	37.8525466918945	0.634597957134247	0
NOTE	264	38.6746559143066	0.749069213867188	0
NOTE	265	38.827693939209	0.311703748683432	0
NOTE	266	39.0515747070313	0.586284895695115	0
NOTE	267	39.8668785095215	0.73648989200592	0
NOTE	268	40.0777320861816	0.281121031460467	0
NOTE	269	40.305591583252	0.705855963295171	0
NOTE	270	40.709716796875	0.575547635555267	0
NOTE	271	40.8644561767578	0.342693209648132	0
NOTE	272	41.0531997680664	0.698827981948853	0
NOTE	273	41.2249488830566	0.278537154197693	0
NOTE	274	44.4059906005859	0.355338633060455	0
NOTE	275	44.5879325866699	0.664788126945496	0
NOTE	276	44.8089904785156	0.422008663415909	0
NOTE	277	52.7607269287109	0.637632378211068	0
NOTE	278	52.8610534667969	0.335211783647537	0
NOTE	279	53.1467170715332	0.458739280700684	0
NOTE	280	54.5055885314941	0.613213241100311	0
NOTE	281	76.5957870483398	0.764164209129612	0
NOTE	282	76.8355560302734	0.528303298343145	0
NOTE	283	77.1263198852539	0.292442411184311	0
NOTE	284	77.5516586303711	0.487420820813163	0
NOTE	285	77.9484252929688	0.761648416519165	0
NOTE	286	81.231819152832	0.263510129336325	0
NOTE	287	45.3542518615723	0.721083462238312	0
NOTE	288	53.0055885314941	0.680157721042633	0
NOTE	289	53.3294715881348	0.698149681091309	0
NOTE	290	54.6467247009277	0.414461135864258	0
NOTE	291	56.3039665222168	0.689101904630661	0
NOTE	292	57.5242919921875	0.722262859344482	0
NOTE	293	48.7509994506836	0.720136880874634	0
NOTE	294	49.4348220825195	0.357854515314102	0
NOTE	295	63.6875343322754	0.638371765613556	0
NOTE	296	64.8576583862305	0.330180078744888	0
NOTE	297	65.1348190307617	0.340243518352509	0
LINK 40 41 42
LINK 91 92
LINK 192 193 194
LINK 199 200 201
LINK 216 217 218
LINK 225 226 227
LINK 228 229 230
LINK 232 233 234
LINK 236 237 238 239
