VERSION 2
BPM 320
PAGE_SHIFT 0
PAGE_SIZE 0.75
NOTE	0	0.81380307674408	0.212930262088776	0.4361969
NOTE	1	0.81380307674408	0.807529032230377	0.4361969
NOTE	2	2.16372609138489	0.798578083515167	0
NOTE	3	4.32890176773071	0.799856841564178	0
NOTE	4	7.07480955123901	0.492967069149017	0.4251904
NOTE	5	8.71654796600342	0.210372850298882	0
NOTE	6	9.22813987731934	0.742314994335175	0.3813038
NOTE	7	10.1162939071655	0.806250274181366	0
NOTE	8	10.1162939071655	0.237225726246834	0
NOTE	9	11.1550835072994	0.220602482557297	0
NOTE	10	11.1550835072994	0.797299446428458	0
NOTE	11	12.2903661727905	0.22827473282814	0
NOTE	12	12.2903661727905	0.765331745147705	0
NOTE	13	13.3669290542603	0.246176660060883	0
NOTE	14	13.3669290542603	0.761495530605316	0
NOTE	15	14.471097946167	0.215487718582153	0
NOTE	16	14.471097946167	0.797299385070801	0
NOTE	17	15.5531005859375	0.246176704764366	0
NOTE	18	15.5531005859375	0.771725237369537	0
NOTE	19	16.6278858184814	0.237225741147995	0
NOTE	20	16.6278858184814	0.773003935813904	0
NOTE	21	17.7269191741943	0.225717306137085	0
NOTE	22	17.7269191741943	0.825430929660797	0
NOTE	23	24.6568126678467	0.192470982670784	0
NOTE	24	24.9399852752686	0.77428263425827	0
NOTE	25	25.2009913176298	0.210372895002365	0
NOTE	26	25.398042678833	0.789627134799957	0
NOTE	27	25.7592525482178	0.496803283691406	0.3657475
NOTE	28	33.3612365722656	0.773003935813904	0
NOTE	29	33.6758257448673	0.177126497030258	0
NOTE	30	33.9417114257813	0.719298243522644	0
NOTE	31	34.1992607116699	0.365096420049667	0
NOTE	32	34.404956817627	0.762774288654327	0
NOTE	33	34.8985900878906	0.172011658549309	0
NOTE	34	35.0565586090088	0.343997769057751	0
NOTE	35	35.214527130127	0.515983879566193	0
NOTE	36	32.4157867431641	0.79218453168869	0
NOTE	37	32.7856903076172	0.201421946287155	0
NOTE	38	35.6923484802246	0.49168848991394	0
NOTE	39	36.2471542283893	0.889366236566723	0.2250000
NOTE	40	42.1261568069458	0.825430989265442	0
NOTE	41	42.3767920285463	0.164339423179626	0
NOTE	42	42.6498985290527	0.770446538925171	0
NOTE	43	42.9175148010254	0.237225756049156	0
NOTE	44	43.2459335327148	0.760216951370239	0
NOTE	45	43.8664207458496	0.40985119342804	0.2250000
NOTE	46	44.4520874023438	0.780676186084747	0
NOTE	47	44.9498977661133	0.260242402553558	0
NOTE	48	45.4787750244141	0.848447680473328	0
NOTE	49	46.0886421203613	0.218045175075531	0
NOTE	50	46.6217384338379	0.777466773986816	0
NOTE	51	47.1481704711914	0.205258026719093	0
NOTE	52	47.6836738586426	0.842822909355164	0
NOTE	53	48.233325958252	0.159212425351143	0
NOTE	54	48.7788009643555	0.754699468612671	0
NOTE	55	49.29736328125	0.345063984394073	0
NOTE	56	49.8560600280762	0.81719833612442	0
NOTE	57	50.7908744812012	0.143880188465118	0
NOTE	58	51.1365280151367	0.792184591293335	0
NOTE	59	51.3474082946777	0.398342788219452	0
NOTE	60	51.7034820914268	0.755102038383484	0
NOTE	61	36.8017044067383	0.501918017864227	0
NOTE	62	37.9113616943359	0.508311569690704	0
NOTE	63	38.9533538818359	0.501918077468872	0
NOTE	64	40.0488815307617	0.490409761667252	0
NOTE	65	41.1274299621582	0.175847753882408	0
NOTE	66	41.464183807373	0.515983819961548	0.2250000
NOTE	67	52.007396697998	0.207815438508987	0.2250000
NOTE	68	53.0898895263672	0.768457055091858	0
NOTE	69	53.6943473815918	0.259346753358841	0.2250000
NOTE	70	54.2644386291504	0.790905892848969	0
NOTE	71	55.3479118347168	0.183520004153252	0
NOTE	72	56.3967018127441	0.204623743891716	0
NOTE	73	57.5267906188965	0.720306992530823	0
NOTE	74	58.63134765625	0.40220695734024	0
NOTE	75	59.567024230957	0.573732078075409	0
NOTE	76	59.8340873122215	0.137486577033997	0
NOTE	77	60.1572723388672	0.779397487640381	0
NOTE	78	60.3944854736328	0.46498042345047	0
NOTE	79	61.9157905578613	0.41196021437645	0
NOTE	80	62.9728126525879	0.509041130542755	0
NOTE	81	64.0870208740234	0.482149004936218	0
NOTE	82	65.1534118652344	0.507028222084045	0
NOTE	83	65.7109832763672	0.227946907281876	0.2250000
NOTE	84	66.2272872924805	0.508307874202728	0
NOTE	85	66.7490005493164	0.15922449529171	0
NOTE	86	67.0713500976563	0.857398688793182	0
NOTE	87	67.3168029785156	0.233389630913734	0
NOTE	88	67.643440246582	0.569689512252808	0.4815598
NOTE	89	68.3449172973633	0.193749755620956	0
NOTE	90	68.8980178833008	0.762939631938934	0
NOTE	91	69.3612365722656	0.265357255935669	0.2250000
NOTE	92	70.6555404663086	0.767889142036438	0.4694596
NOTE	93	72.8051605224609	0.255127638578415	0.4448395
NOTE	94	75.098503112793	0.73847883939743	0.5264969
NOTE	95	77.2509994506836	0.278144359588623	0.5508271
NOTE	96	78.5219879150391	0.755102097988129	0
NOTE	97	79.0696258544922	0.508311569690704	0.3088303
NOTE	98	79.9199981689453	0.224438682198524	0
NOTE	99	79.9199981689453	0.748708546161652	0
NOTE	100	80.9516265392303	0.23978316783905	0
NOTE	101	80.9516265392303	0.789627194404602	0
NOTE	102	82.0592498779297	0.221881240606308	0
NOTE	103	82.0592498779297	0.793463289737701	0
NOTE	104	83.1654586791992	0.253848910331726	0
NOTE	105	83.1654586791992	0.764052987098694	0
NOTE	106	84.2678909301758	0.284537881612778	0
NOTE	107	84.2678909301758	0.725691795349121	0
NOTE	108	86.4278869628906	0.248734071850777	0.4471131
NOTE	109	86.4278869628906	0.73847883939743	0.4471131
NOTE	110	85.3375396728516	0.261521220207214	0
NOTE	111	85.3375396728516	0.742314994335175	0
NOTE	112	2.69926281273365	0.247455388307571	0
NOTE	113	4.85604979097843	0.232110887765884	0
NOTE	114	18.2575244903564	0.498081922531128	0
NOTE	115	18.8034324645996	0.215487718582153	0
NOTE	116	18.8034324645996	0.78323358297348	0
NOTE	117	19.8975342661142	0.26663601398468	0
NOTE	118	19.8975342661142	0.753823399543762	0
NOTE	119	20.4278869628906	0.512147724628448	0
NOTE	120	20.9205131530762	0.260242432355881	0
NOTE	121	20.9205131530762	0.758938193321228	0
NOTE	122	22.0696220397949	0.288373976945877	0
NOTE	123	22.0696220397949	0.760216891765594	0
NOTE	124	22.6296119689941	0.52237731218338	0
NOTE	125	23.077299118042	0.186077445745468	0
NOTE	126	23.077299118042	0.811365127563477	0
NOTE	127	24.2817230224609	0.218045100569725	0
NOTE	128	24.2817230224609	0.831824420775776	0
NOTE	129	26.8513717651367	0.517262578010559	0
NOTE	130	27.5271739959717	0.239783138036728	0
NOTE	131	27.5271739959717	0.778118789196014	0
NOTE	132	28.6226997375488	0.25257021188736	0
NOTE	133	28.6226997375488	0.758938193321228	0
NOTE	134	29.1429843902588	0.454605966806412	0
NOTE	135	29.7027206420898	0.246176645159721	0
NOTE	136	29.7027206420898	0.748708546161652	0
NOTE	137	30.8068904876709	0.246176734566689	0
NOTE	138	30.8068904876709	0.762774288654327	0
NOTE	139	31.3358154296875	0.487852245569229	0
NOTE	140	31.8750629425049	0.220602557063103	0
NOTE	141	31.8750629425049	0.788348425335148	0
NOTE	142	36.2471542283893	0.109354987740517	0.2250000
NOTE	143	37.275318145752	0.250012785196304	0.2246819
NOTE	144	37.275318145752	0.755102097988129	0.2246819
NOTE	145	38.4382591247559	0.13109302520752	0.2250000
NOTE	146	38.4382591247559	0.867628216743469	0.2250000
NOTE	147	39.5254440307617	0.298603660874079	0.2245560
NOTE	148	39.5254440307617	0.696281611919403	0.2124557
NOTE	149	40.6278839111328	0.264078617095947	0.2250000
NOTE	150	40.6278839111328	0.802414171443942	0.2250000
NOTE	151	50.3998985290527	0.388989359140396	0
NOTE	152	54.7855682373047	0.240974992513657	0.2250000
NOTE	153	55.8454513549805	0.703279495239258	0.2250000
NOTE	154	57.0009994506836	0.706162869930267	0.2250000
NOTE	155	58.0246200561523	0.211179941892624	0.2250000
NOTE	156	58.9078178405762	0.854177176952362	0
NOTE	157	60.7196311950684	0.750374913215637	0
NOTE	158	62.4505653381348	0.865710616111755	0.2250000
NOTE	159	62.4505653381348	0.139094997028671	0.2250000
NOTE	160	63.4987602233887	0.719618678092957	0.2250000
NOTE	161	63.4987602233887	0.280381441116333	0.1979697
NOTE	162	64.6440734863281	0.881088852882385	0.2250000
NOTE	163	64.6440734863281	0.0948830203257955	0.2250000
NOTE	164	65.7109832763672	0.770558641165655	0.2250000
LINK 33 34 35
