VERSION 2
BPM 300
PAGE_SHIFT 0
PAGE_SIZE 0.8
NOTE	0	0.67985063791275	0.274940341711044	0
NOTE	1	1.63819682598114	0.405655145645142	0
NOTE	2	13.227258682251	0.367135494947433	0
NOTE	3	15.3727674484253	0.365824162960052	0
NOTE	4	19.5456085205078	0.592874765396118	0
NOTE	5	21.4976558685303	0.505056977272034	0
NOTE	6	20.1926937103271	0.554353535175323	0.6073063
NOTE	7	22.5572242736816	0.495363742113113	0
NOTE	8	23.5803298950195	0.502988219261169	0
NOTE	9	24.6218910217285	0.513106107711792	0
NOTE	10	25.6574249267578	0.50753115957508	0
NOTE	11	26.7116260528564	0.508365392684937	0
NOTE	12	27.9271697998047	0.635993242263794	0
NOTE	13	29.8364009857178	0.520515501499176	0
NOTE	14	30.8831539154053	0.51237860440078	0
NOTE	15	31.9248104095459	0.511449694633484	0
NOTE	16	32.9756927490234	0.512850066526028	0
NOTE	17	34.0099754333496	0.484908580780029	0
NOTE	18	35.0565605163574	0.502239108085632	0
NOTE	19	36.9098281860352	0.6127708629305	0
NOTE	20	37.1698532104492	0.361987411975861	0
NOTE	21	37.9257926940918	0.744862189279669	0
NOTE	22	38.9761161804199	0.448602378368378	0
NOTE	23	40.2838859558105	0.608777225017548	0
NOTE	24	40.5538444519043	0.400705099105835	0
NOTE	25	42.3642044067383	0.582874000072479	0
NOTE	26	42.6102485656738	0.347436649045335	0
NOTE	27	43.1479911804199	0.347436649045335	0
NOTE	28	45.2372970581055	0.402144759893417	0
NOTE	29	45.7465171813965	0.292761385440826	0
NOTE	30	45.9981651306152	0.745433032512665	0
NOTE	31	47.3221549987793	0.710825264453888	0
NOTE	32	48.6302337646484	0.416078090667725	0
NOTE	33	48.8927116394043	0.71376594246091	0
NOTE	34	49.4011573791504	0.71376594246091	0
NOTE	35	50.6943626403809	0.348728179931641	0
NOTE	36	50.9777946472168	0.663750596576236	0
NOTE	37	51.4951972961426	0.746099054813385	0
NOTE	38	57.4708938598633	0.324647188186646	0
NOTE	39	57.4708938598633	0.730171501619491	0
NOTE	40	58.0165939331055	0.402572184801102	0
NOTE	41	59.0615043640137	0.41633677482605	0
NOTE	42	59.5639533996582	0.253372132778168	0
NOTE	43	59.5639533996582	0.648492634296417	0
NOTE	44	61.1612091064453	0.576043665409088	0
NOTE	45	63.2373352050781	0.419645577669144	0
NOTE	46	63.7558860778809	0.258993341657288	0
NOTE	47	63.7558860778809	0.624238729476929	0
NOTE	48	64.2688751220703	0.393916726112366	0
NOTE	49	65.8733673095703	0.248952940106392	0
NOTE	50	65.8733673095703	0.595821142196655	0
NOTE	51	66.8654022216797	0.307304203510284	0
NOTE	52	67.919319152832	0.666491150856018	0
NOTE	53	67.919319152832	0.260490596294403	0
NOTE	54	68.9589080810547	0.567843675613403	0
NOTE	55	70.0419387817383	0.365323811769485	0
NOTE	56	70.0419387817383	0.729755342006683	0
NOTE	57	71.0362930297852	0.356012225151062	0
NOTE	58	71.5897979736328	0.25697234342076	0.2768698
NOTE	59	71.5897979736328	0.749836444854736	0.2768698
NOTE	60	72.4423904418945	0.362838566303253	0.3008994
NOTE	61	72.4423904418945	0.661390841007233	0.3008994
NOTE	62	74.980110168457	0.626274168491364	0
NOTE	63	75.7771224975586	0.41040363907814	0.2119980
NOTE	64	77.0654602050781	0.40261521935463	0
NOTE	65	77.8202667236328	0.651494979858398	0.1797333
NOTE	66	79.1576538085938	0.56643408536911	0
NOTE	67	80.0118789672852	0.424297273159027	0.4990005
NOTE	68	81.2183990478516	0.593789339065552	0
NOTE	69	82.0120849609375	0.423030972480774	0.3879150
NOTE	70	83.3178482055664	0.619559168815613	0
NOTE	71	84.1328659057617	0.383598566055298	0.4617709
NOTE	72	85.3958587646484	0.587093889713287	0
NOTE	73	86.2007827758789	0.382569223642349	0.1992172
NOTE	74	87.4376831054688	0.560738623142242	0
NOTE	75	88.3476333618164	0.446778178215027	0.4523667
NOTE	76	89.5659255981445	0.64738142490387	0
NOTE	77	91.1542816162109	0.319458603858948	0
NOTE	78	91.7986831665039	0.750326991081238	0
NOTE	79	92.4587173461914	0.427850897512741	0.3000000
NOTE	80	93.2318878173828	0.746783673763275	0
NOTE	81	94.2732772827148	0.344884927388946	0
NOTE	82	94.5494842529297	0.721614599227905	0.3000000
NOTE	83	95.3152313232422	0.24739124184488	0
NOTE	84	96.6379470825195	0.419287830591202	0.1620529
NOTE	85	97.9251098632813	0.244461551308632	0
NOTE	86	98.7039108276367	0.418793588876724	0.2394851
NOTE	87	99.4968338012695	0.729515075683594	0
NOTE	88	100.539199829102	0.354199975728989	0
NOTE	89	101.585639953613	0.639248192310333	0
NOTE	90	102.000999450684	0.741689320006024	0
NOTE	91	102.501289367676	0.613289058208466	0
NOTE	92	102.871864318848	0.563951194286346	0.2165706
NOTE	93	103.665512084961	0.263970583677292	0
NOTE	94	104.105331420898	0.363188772953963	0
NOTE	95	104.982322692871	0.451961606740952	0.3000000
NOTE	96	104.341720581055	0.661766529083252	0
NOTE	97	107.845100402832	0.748078346252441	0
NOTE	98	108.088478088379	0.338985562324524	0
NOTE	99	109.1533203125	0.500753700733185	0.3000000
NOTE	100	109.91854095459	0.376260359368104	0
NOTE	101	110.186820983887	0.644274473190308	0
NOTE	102	111.225952148438	0.4975745677948	0.3000000
NOTE	103	113.31916809082	0.570467054843903	0.2808319
NOTE	104	116.191255956888	0.746859312057495	0
NOTE	105	116.44913482666	0.270524591207504	0
NOTE	106	118.27214050293	0.290358155965805	0
NOTE	107	118.52082824707	0.647236708946755	0
NOTE	108	119.605590820313	0.472115993499756	0.3000000
NOTE	109	120.382545471191	0.723071336746216	0
NOTE	110	120.623260498047	0.269230574369431	0
NOTE	111	121.277740478516	0.625089108943939	0
NOTE	112	121.702247619629	0.709188759326935	0.4310876
NOTE	113	122.960433959961	0.255573958158493	0
NOTE	114	124.546279907227	0.303171128034592	0
NOTE	115	124.946426391602	0.726661748570287	0
NOTE	116	126.65901184082	0.247045278549194	0
NOTE	117	126.928756721746	0.748817563056946	0
NOTE	118	127.918952941895	0.361473737590522	0
NOTE	119	128.710906982422	0.581723570823669	0
NOTE	120	128.965576171875	0.252794414758682	0
NOTE	121	130.8056640625	0.273145318031311	0
NOTE	122	131.064971923828	0.73912645167276	0
NOTE	123	131.241149902344	0.365040957927704	0
NOTE	124	132.106140136719	0.545548617839813	0.3847961
NOTE	125	133.409973144531	0.741953611373901	0
NOTE	126	133.989318847656	0.338754026156593	0
NOTE	127	134.189544677734	0.49732594032011	0.1904968
NOTE	128	135.035766601563	0.249441862106323	0
NOTE	129	135.269348144531	0.70742803812027	0
NOTE	130	136.035461425781	0.671077787876129	0
NOTE	131	137.072677612305	0.63213711977005	0
NOTE	132	137.317993164063	0.360430240631104	0
NOTE	133	138.167007446289	0.249672889709473	0
NOTE	134	139.141784667969	0.310572803020477	0
NOTE	135	139.411544799805	0.729938864707947	0
NOTE	136	139.858642578125	0.729938864707947	0
NOTE	137	140.096054077148	0.367545813322067	0
NOTE	138	140.511505126953	0.437901824712753	0.2884949
NOTE	139	141.315826416016	0.269818186759949	0
NOTE	140	141.483093261719	0.744794368743896	0
NOTE	141	142.545379638672	0.518895506858826	0.3000000
NOTE	142	143.358352661133	0.256396574455188	0
NOTE	143	143.574462890625	0.740371346473694	0
NOTE	144	144.23779296875	0.36791780591011	0
NOTE	145	144.636322021484	0.363059431314468	0.1621521
NOTE	146	145.450088500977	0.725857615470886	0
NOTE	147	145.673629760742	0.352518439292908	0
NOTE	148	146.312484741211	0.611955285072327	0
NOTE	149	146.745742797852	0.634418368339539	0.2379303
NOTE	150	147.502227783203	0.261305302381516	0
NOTE	151	147.755783081055	0.747811257839203	0
NOTE	152	148.384338378906	0.357854425907135	0
NOTE	153	148.83366394043	0.410216748714447	0.3989921
NOTE	154	151.675247192383	0.383123338222504	0
NOTE	155	151.927124023438	0.631154179573059	0
NOTE	156	152.1162109375	0.257692098617554	0
NOTE	157	153.783309936523	0.747652769088745	0
NOTE	158	154.0322265625	0.257135821475926	0
NOTE	159	154.707504272461	0.611740171909332	0
NOTE	160	155.054351806641	0.548249006271362	0.1456482
NOTE	161	155.838912963867	0.268442809581757	0
NOTE	162	156.132507324219	0.709457159042358	0
NOTE	163	156.484512329102	0.709457159042358	0
NOTE	164	157.202926635742	0.428387373685837	0.3774414
NOTE	165	159.048278808594	0.285075120879963	0.1480896
NOTE	166	160.685317993164	0.727145910263062	0
NOTE	167	162.763488769531	0.424517155156309	0
NOTE	168	163.27685546875	0.381762385368347	0.3000000
NOTE	169	164.892715454102	0.631431867823466	0
NOTE	170	165.302749633789	0.612300872802734	0.2972504
NOTE	171	166.784622192383	0.737399637699127	0
NOTE	172	166.878860473633	0.617450594902039	0
NOTE	173	166.973114013672	0.497501522302628	0
NOTE	174	167.299041748047	0.296039760112762	0.3000000
NOTE	175	169.268646240234	0.369037628173828	0
NOTE	176	171.382583618164	0.634526491165161	0
NOTE	177	171.531311035156	0.365095674991608	0.3000000
NOTE	178	173.474395751953	0.327924162149429	0
NOTE	179	173.654891967773	0.625966012477875	0.3000000
NOTE	180	1.12905120849609	0.737675726413727	0
NOTE	181	2.18184614181519	0.645107626914978	0
NOTE	182	6.32915496826172	0.28633725643158	0
NOTE	183	8.43555260353614	0.289725005626678	0
NOTE	184	11.3414258956909	0.37049266888123	0
NOTE	185	12.6035709381104	0.267368541165865	0
NOTE	186	23.0055313110352	0.296997845172882	0.1944687
NOTE	187	23.0055313110352	0.716351389884949	0.1944687
NOTE	188	25.1362247467041	0.321284979581833	0.3000000
NOTE	189	25.1362247467041	0.65921163047534	0.3000000
NOTE	190	27.2223300933838	0.315779387950897	0.3000000
NOTE	191	27.2223300933838	0.674721956253052	0.3000000
NOTE	192	29.2993659973145	0.311797827482224	0.2752412
NOTE	193	29.2993659973145	0.712033092975616	0.2752412
NOTE	194	31.3999404907227	0.315301448106766	0.3000000
NOTE	195	31.3999404907227	0.697634816169739	0.3000000
NOTE	196	35.5713195800781	0.243116604463879	0.3000000
NOTE	197	35.5713195800781	0.756427526473999	0.3000000
NOTE	198	37.3962440490723	0.597991943193698	0
NOTE	199	37.6561431884766	0.288675963878632	0
NOTE	200	38.2279777526855	0.288675963878632	0
NOTE	201	39.2295989990234	0.680838882923126	0
NOTE	202	39.4969673156738	0.301218152046204	0.3000000
NOTE	203	43.4140319824219	0.692096889019012	0
NOTE	204	43.6810417175293	0.494580864906311	0.2696155
NOTE	205	45.4898986816406	0.590188205242157	0
NOTE	206	47.5767974853516	0.259580330588673	0
NOTE	207	49.6681442260742	0.342611461877823	0
NOTE	208	51.753963470459	0.257832027529101	0
NOTE	209	52.0009994506836	0.528665602207184	0.3000000
NOTE	210	53.335319519043	0.728727757930756	0
NOTE	211	53.6009979248047	0.405130535364151	0
NOTE	212	53.859447479248	0.63225519657135	0
NOTE	213	54.140552520752	0.395520776510239	0
NOTE	214	54.3497047424316	0.63225519657135	0
NOTE	215	54.6295738220215	0.262503383427635	0
NOTE	216	54.7629890441895	0.362006936313577	0
NOTE	217	54.8964042663574	0.461510474795233	0
NOTE	218	96.3868103027344	0.702712841413339	0
NOTE	219	99.7373046875	0.267353283796048	0
NOTE	220	101.837158203125	0.250516891479492	0
NOTE	221	103.934127807617	0.739097595214844	0
NOTE	222	118.666694641113	0.383999198675156	0
NOTE	223	120.754943847656	0.723071336746216	0
NOTE	224	2.72853231430054	0.283750653266907	0.2714677
NOTE	225	3.53182172775269	0.742799818515778	0.3000000
NOTE	226	6.95389556884766	0.276182770729065	0
NOTE	227	9.09961128234863	0.380497068166733	0
NOTE	228	9.31184101104736	0.577385723590851	0.2881590
NOTE	229	11.5711965560913	0.648514032363892	0
NOTE	230	11.8450784683228	0.371160039450245	0
NOTE	231	13.4165716171265	0.603149771690369	0.1834284
NOTE	232	19.7400493621826	0.382191926240921	0.2599506
NOTE	233	28.2585430145264	0.331679910421371	0
NOTE	234	28.5254974365234	0.568318068981171	0.2714375
NOTE	235	36.2712860107422	0.639326810836792	0
NOTE	236	36.6118202209473	0.373607933521271	0
NOTE	237	38.4970779418945	0.602739274501801	0.2354940
NOTE	238	40.801082611084	0.671595983416186	0
NOTE	239	41.0696830749512	0.266025960445404	0
NOTE	240	41.3100090026855	0.671595983416186	0
NOTE	241	41.6165390014648	0.370433628559113	0.3000000
NOTE	242	42.8717575073242	0.603129506111145	0
NOTE	243	44.9750328063965	0.60419237613678	0
NOTE	244	49.1358871459961	0.259976625442505	0
NOTE	245	49.9333229064941	0.52928983675651	0.3000000
NOTE	246	47.8902397155762	0.710825264453888	0
NOTE	247	55.1576499938965	0.693860650062561	0
NOTE	248	55.3875503540039	0.301247864961624	0
NOTE	249	55.6580581665039	0.556513071060181	0.3000000
NOTE	250	56.1968116760254	0.297258645296097	0
NOTE	251	56.3317642211914	0.740190446376801	0
NOTE	252	56.6092948913574	0.299902528524399	0.1907051
NOTE	253	56.9719772338867	0.515229815389649	0
NOTE	254	58.2687377929688	0.627050399780273	0
NOTE	255	58.5322685241699	0.356818020343781	0
NOTE	256	58.8080101013184	0.709024786949158	0
NOTE	257	60.0937042236328	0.590498259430476	0
NOTE	258	60.3635101318359	0.375465333461761	0
NOTE	259	60.6061019897461	0.652208929409099	0
NOTE	260	60.9040145874023	0.331437998924917	0
NOTE	261	62.4787673950195	0.634260594844818	0
NOTE	262	62.7085838317871	0.305021643638611	0
NOTE	263	62.9260177612305	0.603819310665131	0
NOTE	264	64.5450744628906	0.74267965555191	0
NOTE	265	64.7736587524414	0.393916726112366	0
NOTE	266	65.3164520263672	0.421262830495834	0
NOTE	267	74.2116012573242	0.367917865514755	0
NOTE	268	76.2873306274414	0.603149831295013	0
NOTE	269	78.2691955566406	0.401881784200668	0
NOTE	270	91.4052276611328	0.750326991081238	0
NOTE	271	91.966796875	0.279903739690781	0
NOTE	272	91.5457992553711	0.279903733486776	0
NOTE	273	92.1839447021484	0.618708252906799	0
NOTE	274	93.4832305908203	0.251664359356134	0
NOTE	275	93.6151809692383	0.615231096744537	0
NOTE	276	93.8754577636719	0.344884927388946	0
NOTE	277	94.1387252807617	0.615231096744537	0
NOTE	278	95.5743713378906	0.54168838262558	0
NOTE	279	95.7349014282227	0.24739124184488	0
NOTE	280	95.9493713378906	0.54168838262558	0
NOTE	281	96.2333679199219	0.432069543099228	0
NOTE	282	98.0574340820313	0.734209774434631	0
NOTE	283	98.3131790161133	0.250500832322001	0
NOTE	284	98.4523773193359	0.615729033946991	0
NOTE	285	99.9214324951172	0.729515075683594	0
NOTE	286	100.139045715332	0.354199975728989	0
NOTE	287	100.404769897461	0.675570964813232	0
NOTE	288	102.259666442871	0.250516891479492	0
NOTE	289	102.642379760742	0.399365991353989	0
NOTE	290	104.725326538086	0.661766529083252	0
NOTE	291	108.232810974121	0.632678747177124	0
NOTE	292	108.480491638184	0.338985562324524	0
NOTE	293	108.745658874512	0.632678747177124	0
NOTE	294	108.904472351074	0.278605192899704	0
NOTE	295	110.314086914063	0.376260359368104	0
NOTE	296	110.568359375	0.751605272293091	0
NOTE	297	110.823753356934	0.247157048884329	0
NOTE	298	111.004066467285	0.751605272293091	0
NOTE	299	112.041450500488	0.740391671657562	0
NOTE	300	112.271911621094	0.266792893409729	0
NOTE	301	112.432441711426	0.740391671657562	0
NOTE	302	112.671852111816	0.266792893409729	0
NOTE	303	112.932899475098	0.626855313777924	0
NOTE	304	113.095077514648	0.388044685125351	0
NOTE	305	114.627868652344	0.707033276557922	0
NOTE	306	114.751205444336	0.294506975755116	0
NOTE	307	114.982917785645	0.707033276557922	0
NOTE	308	116.577545166016	0.746859312057495	0
NOTE	309	116.84008026123	0.400176914877317	0
NOTE	310	117.271766662598	0.373164921998978	0
NOTE	311	117.103691101074	0.633279025554657	0
NOTE	312	118.914894104004	0.647236708946755	0
NOTE	313	119.230201721191	0.268541753292084	0
NOTE	314	119.351272583008	0.757874612812095	0
NOTE	315	121.016632080078	0.419552534818649	0
NOTE	316	121.454666137695	0.419552534818649	0
NOTE	317	123.098266601563	0.755466401576996	0
NOTE	318	123.384986877441	0.424113869667053	0
NOTE	319	123.600677490234	0.59646999835968	0.3000000
NOTE	320	125.203170776367	0.271136879920959	0
NOTE	321	125.454963684082	0.731447398662567	0
NOTE	322	125.639739990234	0.281013280153275	0
NOTE	323	127.276458740234	0.631933808326721	0
NOTE	324	127.548522949219	0.361473737590522	0
NOTE	325	127.733985900879	0.631933808326721	0
NOTE	326	129.369415283203	0.252794414758682	0
NOTE	327	129.625595092773	0.685857466294223	0
NOTE	328	129.813339233398	0.417352944612503	0
NOTE	329	131.525619506836	0.65793240070343	0
NOTE	330	131.816513061523	0.368065178394318	0
NOTE	331	133.57893371582	0.256810009479523	0
NOTE	332	133.81689453125	0.62635737657547	0
NOTE	333	135.378936767578	0.370433688163757	0
NOTE	334	135.651458740234	0.70742803812027	0
NOTE	335	135.893585205078	0.370433688163757	0
NOTE	336	136.276000976563	0.291681543733205	0.3000000
NOTE	337	137.469161987305	0.63213711977005	0
NOTE	338	137.75439453125	0.249672889709473	0
NOTE	339	137.997177124023	0.76039046049118	0
NOTE	340	139.591323852539	0.287739932537079	0
NOTE	341	140.227111816406	0.630608737468719	0
NOTE	342	141.695449829102	0.342302113771439	0
NOTE	343	141.856628417969	0.712339522274457	0
NOTE	344	142.18310546875	0.342302113771439	0
NOTE	345	142.33512878418	0.712339522274457	0
NOTE	346	143.72265625	0.256396574455188	0
NOTE	347	144.037033081055	0.647668659687042	0
NOTE	348	144.383926391602	0.647668659687042	0
NOTE	349	145.847793579102	0.611955285072327	0
NOTE	350	146.111404418945	0.352518439292908	0
NOTE	351	146.533004760742	0.304980903863907	0
NOTE	352	147.926696777344	0.261305302381516	0
NOTE	353	148.146774291992	0.612364888191223	0
NOTE	354	150.099151611328	0.642232954502106	0
NOTE	355	150.288681030273	0.38049703836441	0
NOTE	356	150.509979248047	0.750629888480451	0
NOTE	357	150.666870117188	0.247157052159309	0
NOTE	358	152.365524291992	0.745033323764801	0
NOTE	359	152.59114074707	0.257692098617554	0
NOTE	360	154.183944702148	0.747652769088745	0
NOTE	361	154.392974853516	0.257135821475926	0
NOTE	362	154.864562988281	0.355338603258133	0
NOTE	363	156.288696289063	0.354590790017813	0
NOTE	364	156.746215820313	0.354590790017813	0
NOTE	365	156.927474975586	0.666631281375885	0
NOTE	366	158.451934814453	0.702774822711945	0
NOTE	367	158.619247436523	0.285075120879963	0
NOTE	368	158.836471557617	0.702774822711945	0
NOTE	369	160.022979736328	0.727145910263062	0
NOTE	370	160.398880004883	0.268474757234952	0
NOTE	371	160.962966918945	0.340243458747864	0
NOTE	372	161.091461181641	0.628308355808258	0.3000000
NOTE	373	162.103225708008	0.289926618337631	0
NOTE	374	162.526748657227	0.674851596355438	0
NOTE	375	163.056091308594	0.674851596355438	0
NOTE	376	164.17985534668	0.732890888070301	0
NOTE	377	164.592956542969	0.27654042840004	0
NOTE	378	165.128875732422	0.370538890361786	0
NOTE	379	168.363067626953	0.732716143131256	0
NOTE	380	168.739852905273	0.291184330847674	0
NOTE	381	169.015274047852	0.620760734557024	0
NOTE	382	169.409774780273	0.572341326037616	0.1902252
NOTE	383	170.444686889648	0.3452752271525	0
NOTE	384	170.839614868164	0.700010180473328	0
NOTE	385	171.090087890625	0.356048114875716	0
NOTE	386	172.520858764648	0.684914946556091	0
NOTE	387	172.885879516602	0.327924162149429	0
NOTE	388	173.201187133789	0.638910293579102	0
NOTE	389	175.130905151367	0.68994665145874	0
NOTE	390	175.336334228516	0.330180107707733	0
NOTE	391	175.557144165039	0.711331367492676	0
NOTE	392	175.711318969727	0.431550101667227	0.2886810
NOTE	393	6.32915496826172	0.702956672033565	0
NOTE	394	7.15876293182373	0.741279721260071	0
NOTE	395	7.40085029602051	0.479873210191727	0.2400000
NOTE	396	8.43555260353614	0.705661594351053	0
NOTE	397	12.6035709381104	0.740176260471344	0
NOTE	398	15.5346050262451	0.654529631137848	0
NOTE	399	15.7545385360718	0.400583326816559	0.2400000
NOTE	400	17.8611259460449	0.50688099861145	0.2400000
NOTE	401	46.3123397827148	0.292761385440826	0
NOTE	402	46.5293807983398	0.614471137523651	0
NOTE	403	46.7851219177246	0.437103718519211	0.2400000
NOTE	404	51.2441329956055	0.27324107690804	0
NOTE	405	65.0660552978516	0.624091446399689	0
NOTE	406	66.358772277832	0.389302641153336	0
NOTE	407	67.398307800293	0.430784821510315	0
NOTE	408	66.6244277954102	0.680885136127472	0
NOTE	409	67.1649398803711	0.671325743198395	0
NOTE	410	68.4420852661133	0.720163285732269	0
NOTE	411	68.706901550293	0.288426775776557	0
NOTE	412	69.4916534423828	0.567843675613403	0
NOTE	413	69.2558670043945	0.294958233833313	0
NOTE	414	70.5366363525391	0.380497068166733	0
NOTE	415	70.7978134155273	0.616986989974976	0
NOTE	416	71.3319320678711	0.560174651137803	0
NOTE	417	90.4010009765625	0.310914993286133	0.2400000
NOTE	418	106.275177001953	0.277763903141022	0
NOTE	419	106.41822052002	0.650467271479165	0
NOTE	420	106.678848266602	0.384388534010647	0
NOTE	421	106.813064575195	0.648356979392041	0
NOTE	422	107.056106567383	0.379454642534256	0
NOTE	423	115.144989013672	0.294506975755116	0
NOTE	424	115.423706054688	0.494968265295029	0.2400000
NOTE	425	117.509796142578	0.62976419930557	0
NOTE	426	125.844512939453	0.524985790252686	0.2400000
NOTE	427	138.411880493164	0.503773748874664	0.2400000
NOTE	428	148.574523925781	0.613427698612213	0
NOTE	429	153.033508300781	0.494968295097351	0.2400000
NOTE	430	152.771453857422	0.741844819171746	0
NOTE	431	129.13688659668	0.742480763164949	0
NOTE	432	130.026992797852	0.649721086025238	0.2400000
NOTE	433	150.884628295898	0.551570951938629	0.2400000
NOTE	434	4.32398986816406	0.368208408355713	0
NOTE	435	4.96153926849365	0.26298776268959	0
NOTE	436	5.08751392364502	0.45323520898819	0
NOTE	437	5.33577747344971	0.612660467624664	0.2400000
NOTE	438	10.5339612960815	0.733823657035828	0.2400000
NOTE	439	10.5339612960815	0.282118779686925	0.2400000
NOTE	440	14.702839355213	0.743389155620747	0.2400000
NOTE	441	14.702839355213	0.260862052440643	0.2400000
NOTE	442	16.8009986877441	0.722132444381714	0.2400000
NOTE	443	16.8009986877441	0.285274279720511	0.2400000
NOTE	444	17.4592952728271	0.290621519088745	0
NOTE	445	17.5989990234375	0.544639050960541	0
NOTE	446	18.8634471893311	0.244919556989053	0.2400000
NOTE	447	18.8634471893311	0.751891851425171	0.2400000
NOTE	448	22.0067443847656	0.324632197618485	0.2400000
NOTE	449	22.0067443847656	0.691310226917267	0.2400000
NOTE	450	24.1036148071289	0.741263508796692	0.2400000
NOTE	451	24.1036148071289	0.260862182807386	0.2400000
NOTE	452	26.1802196502686	0.271490454673767	0.2197804
NOTE	453	26.1802196502686	0.734886527061462	0.2075202
NOTE	454	30.4009990692139	0.267239093780518	0.2400000
NOTE	455	30.4009990692139	0.747640515568044	0.2400000
NOTE	456	32.4484253473345	0.259799271821976	0.2400000
NOTE	457	32.4484253473345	0.746577680110931	0.2400000
NOTE	458	34.5278434753418	0.666865110397339	0.2400000
NOTE	459	34.5278434753418	0.33313493818433	0.2400000
NOTE	460	33.5055790901184	0.725320994853973	0
NOTE	461	33.5101765632629	0.299124181270599	0
NOTE	462	44.4527206420898	0.268301874399185	0.2400000
NOTE	463	44.4527206420898	0.733823588868304	0.2400000
NOTE	464	52.8009986877441	0.428789973258972	0.2400000
NOTE	465	61.661937713623	0.374585419893265	0.2400000
NOTE	466	61.661937713623	0.712566856905925	0.2400000
NOTE	467	100.801002502441	0.557393014431	0.3989990
NOTE	468	104.488265991211	0.351203083992004	0
NOTE	469	127.087493896484	0.247045278549194	0
LINK 171 172 173
LINK 215 216 217
LINK 435 436
LINK 444 445
