VERSION 2
BPM 240
PAGE_SHIFT 0
PAGE_SIZE 1
NOTE	0	0.67985063791275	0.189913555979729	0
NOTE	1	1.63819682598114	0.8011354804039	0
NOTE	2	11.1867208480835	0.207192033529282	0
NOTE	3	13.2308864593506	0.185994297266006	0
NOTE	4	15.2654933929443	0.195049121975899	0
NOTE	5	17.451602935791	0.22877362370491	0
NOTE	6	19.5410118103027	0.639657855033875	0
NOTE	7	21.5160465240479	0.567132174968719	0
NOTE	8	22.0465202331543	0.384277075529099	0
NOTE	9	22.0465202331543	0.885530173778534	0
NOTE	10	20.1908798217773	0.716625869274139	0.6424536
NOTE	11	22.5600070953369	0.325456470251083	0
NOTE	12	23.5807666778564	0.656737625598907	0
NOTE	13	24.1198101043701	0.416244685649872	0
NOTE	14	24.1198101043701	0.831824481487274	0
NOTE	15	24.6291465759277	0.26152116060257	0
NOTE	16	25.677375793457	0.637461006641388	0
NOTE	17	26.1912574768066	0.422638267278671	0
NOTE	18	26.1912574768066	0.807529091835022	0
NOTE	19	26.7098116278648	0.279423028230667	0
NOTE	20	27.9256649017334	0.765405058860779	0
NOTE	21	29.8364009857178	0.663035213947296	0
NOTE	22	30.3779354095459	0.432867884635925	0
NOTE	23	30.3779354095459	0.847168922424316	0
NOTE	24	30.8849678039551	0.260242462158203	0
NOTE	25	31.9193687438965	0.701396346092224	0
NOTE	26	32.4609031677246	0.443097531795502	0
NOTE	27	32.4609031677246	0.905989527702332	0
NOTE	28	32.9748497009277	0.237225741147995	0
NOTE	29	34.0299263000488	0.693724095821381	0
NOTE	30	34.5254362821579	0.466114289768832	0
NOTE	31	34.5254362821579	0.870185673236847	0
NOTE	32	35.0735473632813	0.283259242773056	0
NOTE	33	36.908016204834	0.503196775913239	0
NOTE	34	37.168041229248	0.723134458065033	0
NOTE	35	37.9239807128906	0.229553490877151	0
NOTE	36	38.9794616699219	0.792184591293335	0
NOTE	37	40.3203201293945	0.678379714488983	0
NOTE	38	40.5761413574219	0.129814326763153	0
NOTE	39	42.3940696716309	0.755102038383484	0
NOTE	40	42.6314506530762	0.127256900072098	0
NOTE	41	43.1634712219238	0.633967161178589	0
NOTE	42	44.437858581543	0.835660576820374	0
NOTE	43	44.7742691040039	0.161282002925873	0
NOTE	44	45.2325706481934	0.758938193321228	0
NOTE	45	45.7465171813965	0.248734027147293	0
NOTE	46	46.0045738220215	0.77811872959137	0
NOTE	47	46.7858664393425	0.202700674533844	0
NOTE	48	47.3040161132813	0.739757537841797	0
NOTE	49	48.6153182983398	0.851005077362061	0
NOTE	50	48.8872718811035	0.221881225705147	0
NOTE	51	49.3939018249512	0.559459924697876	0
NOTE	52	50.6798515319824	0.697560250759125	0
NOTE	53	50.9886779785156	0.232110932469368	0
NOTE	54	51.4607353210449	0.197585791349411	0
NOTE	55	52.8181304931641	0.766610383987427	0
NOTE	56	57.4999160766602	0.120863378047943	0
NOTE	57	57.4999160766602	0.553066313266754	0
NOTE	58	58.0322303771973	0.766610383987427	0
NOTE	59	59.0504989624023	0.269832760095596	0
NOTE	60	59.5621420145035	0.0697150826454163	0
NOTE	61	59.5621420145035	0.464835584163666	0
NOTE	62	61.1634292602539	0.277504991739988	0
NOTE	63	61.6704635620117	0.0812234506011009	0
NOTE	64	61.6704635620117	0.473786532878876	0
NOTE	65	62.198169708252	0.7154620885849	0
NOTE	66	63.2464027404785	0.238504394888878	0
NOTE	67	63.7649536132813	0.0927318334579468	0
NOTE	68	63.7649536132813	0.443097561597824	0
NOTE	69	64.281135559082	0.705232471227646	0
NOTE	70	65.8225784301758	0.484016180038452	0
NOTE	71	65.8225784301758	0.862513422966003	0
NOTE	72	66.8527069091797	0.131093129515648	0
NOTE	73	66.8527069091797	0.46867173910141	0
NOTE	74	67.9156875610352	0.902981098119227	0
NOTE	75	67.9156875610352	0.496980518102646	0
NOTE	76	68.9425811767578	0.104240216314793	0
NOTE	77	68.9425811767578	0.505754232406616	0
NOTE	78	70.0437545776367	0.533885776996613	0
NOTE	79	70.0437545776367	0.898317277431488	0
NOTE	80	71.0689392089844	0.514705181121826	0
NOTE	81	71.0689392089844	0.115748547017574	0
NOTE	82	71.5897979736328	0.146437446042562	0.3000000
NOTE	83	71.5897979736328	0.856119930744171	0.3000000
NOTE	84	72.4148101806641	0.313948124870073	0.4185232
NOTE	85	72.4148101806641	0.684773206710815	0.4185232
NOTE	86	73.5921020507813	0.497393697500229	0.3000000
NOTE	87	74.9909896850586	0.723134398460388	0
NOTE	88	75.7880020141602	0.211651518940926	0.2119980
NOTE	89	77.0781555175781	0.174569070339203	0
NOTE	90	77.8202667236328	0.726970493793488	0.1797333
NOTE	91	79.1703491210938	0.75638073682785	0
NOTE	92	80.0009994506836	0.147716298699379	0.4990005
NOTE	93	81.2256546020508	0.34975191950798	0
NOTE	94	82.0483627319336	0.858677387237549	0.4516373
NOTE	95	83.3178482055664	0.619559168815613	0
NOTE	96	84.1313323974609	0.159224599599838	0.6835607
NOTE	97	85.4031143188477	0.402178913354874	0
NOTE	98	86.2189178466797	0.743593692779541	0.6144155
NOTE	99	87.4376831054688	0.560738623142242	0
NOTE	100	88.3548889160156	0.133650377392769	0.4830526
NOTE	101	89.5713653564453	0.319063007831573	0
NOTE	102	90.3756332397461	0.824152231216431	0.4507879
NOTE	103	91.1818695068359	0.159224614500999	0
NOTE	104	91.7878036499023	0.771447777748108	0
NOTE	105	92.4333267211914	0.419220238924026	0.3000000
NOTE	106	93.2463989257813	0.719298303127289	0
NOTE	107	94.2605819702148	0.581197917461395	0
NOTE	108	94.5577087402344	0.592444598674774	0.3000000
NOTE	109	95.3455047607422	0.137486591935158	0
NOTE	110	96.6637191772461	0.59909975528717	0.3000000
NOTE	111	97.9378051757813	0.218045145273209	0
NOTE	112	98.6893997192383	0.759691298007965	0.2394851
NOTE	113	99.4953002929688	0.900874733924866	0
NOTE	114	100.539199829102	0.129643082618713	0
NOTE	115	100.786903381348	0.615985751152039	0.2901840
NOTE	116	101.587455749512	0.648053705692291	0
NOTE	117	102.000999450684	0.791790902614594	0
NOTE	118	102.494033813477	0.871163666248322	0
NOTE	119	102.85009765625	0.558919489383698	0.1680374
NOTE	120	103.67276763916	0.206536754965782	0
NOTE	121	104.352577209473	0.784512341022491	0
NOTE	122	105.000999450684	0.764052987098694	0.3000000
NOTE	123	104.558784484863	0.211900919675827	0
NOTE	124	106.305595397949	0.140043884515762	0
NOTE	125	106.421726226807	0.239143714308739	0
NOTE	126	106.537857055664	0.338243544101715	0
NOTE	127	106.67204284668	0.827988386154175	0
NOTE	128	106.805458068848	0.73592147231102	0
NOTE	129	106.938873291016	0.643854558467865	0
NOTE	130	107.845657348633	0.11524859815836	0
NOTE	131	108.088478088379	0.78574937582016	0
NOTE	132	109.151908874512	0.75638073682785	0.3000000
NOTE	133	109.923980712891	0.636182308197021	0
NOTE	134	110.175117492676	0.187356188893318	0
NOTE	135	111.225952148438	0.4975745677948	0.3000000
NOTE	136	113.315544128418	0.849726378917694	0.3000000
NOTE	137	115.124359130859	0.297056049108505	0.3000000
NOTE	138	116.191255956888	0.775561332702637	0
NOTE	139	116.433250427246	0.353588104248047	0
NOTE	140	117.520660400391	0.624673902988434	0.3000000
NOTE	141	118.278831481934	0.188634887337685	0
NOTE	142	118.52082824707	0.842054188251495	0
NOTE	143	119.612846374512	0.333128750324249	0.3000000
NOTE	144	120.382545471191	0.836939334869385	0
NOTE	145	120.61531829834	0.648969411849976	0
NOTE	146	121.308700561523	0.802887380123138	0
NOTE	147	121.702651977539	0.592323660850525	0.3000000
NOTE	148	122.98176574707	0.789627134799957	0
NOTE	149	124.583053588867	0.770446538925171	0
NOTE	150	124.944892883301	0.152831047773361	0
NOTE	151	125.811576843262	0.786742150783539	0
NOTE	152	126.663604736328	0.86495715379715	0
NOTE	153	126.928756713867	0.174569070339203	0
NOTE	154	127.917137145996	0.383072912693024	0
NOTE	155	128.698364257813	0.109062872827053	0
NOTE	156	128.990982055664	0.751265943050385	0
NOTE	157	130.029922485352	0.735921442508698	0
NOTE	158	130.820175170898	0.113429479300976	0
NOTE	159	131.07585144043	0.770446538925171	0
NOTE	160	131.243225097656	0.283321559429169	0
NOTE	161	131.395004272461	0.762088477611542	0
NOTE	162	132.115203857422	0.246176674962044	0.3847961
NOTE	163	133.314956665039	0.841982066631317	0
NOTE	164	133.809036254883	0.236498430371284	0
NOTE	165	134.209503173828	0.476622551679611	0.4685008
NOTE	166	135.041213989258	0.235604718327522	0
NOTE	167	135.269348144531	0.693590879440308	0
NOTE	168	136.001007080078	0.326263308525085	0
NOTE	169	137.103508353233	0.155388474464417	0
NOTE	170	137.327056884766	0.77428263425827	0
NOTE	171	138.167007446289	0.649623453617096	0
NOTE	172	139.128280639648	0.211298331618309	0
NOTE	173	139.410018920898	0.852024614810944	0
NOTE	174	139.858642578125	0.740665912628174	0
NOTE	175	140.132614135742	0.180895328521729	0
NOTE	176	140.433853149414	0.831819713115692	0.3000000
NOTE	177	141.315536499023	0.339522272348404	0
NOTE	178	141.513748168945	0.793463289737701	0
NOTE	179	142.555389404297	0.32289907336235	0.3000000
NOTE	180	143.354721069336	0.767889082431793	0
NOTE	181	143.594421386719	0.162509381771088	0
NOTE	182	144.23779296875	0.699243605136871	0
NOTE	183	144.636032104492	0.56550258398056	0.3000000
NOTE	184	145.458435058594	0.734642744064331	0
NOTE	185	145.650054931641	0.129865676164627	0
NOTE	186	146.314300537109	0.827988386154175	0
NOTE	187	146.762069702148	0.574037969112396	0.2832743
NOTE	188	147.502227783203	0.656641662120819	0
NOTE	189	147.755783081055	0.149087801575661	0
NOTE	190	148.4931640625	0.613165557384491	0
NOTE	191	148.811218261719	0.20014326274395	0.1887817
NOTE	192	150.882766723633	0.472967535257339	0
NOTE	193	151.675247192383	0.855798482894897	0
NOTE	194	151.921676635742	0.177126497030258	0
NOTE	195	152.1162109375	0.546141028404236	0
NOTE	196	152.956413626671	0.184798717498779	0
NOTE	197	153.783309936523	0.865009725093842	0
NOTE	198	154.0322265625	0.177126497030258	0
NOTE	199	154.707504272461	0.757659494876862	0
NOTE	200	155.091979980469	0.207815438508987	0.3000000
NOTE	201	155.834320068359	0.170607134699821	0
NOTE	202	156.119812011719	0.806250393390656	0
NOTE	203	156.577011108398	0.187802329659462	0
NOTE	204	157.12255859375	0.392466366291046	0.3774414
NOTE	205	159.062789916992	0.753844201564789	0.5585429
NOTE	206	160.690765380859	0.582531690597534	0
NOTE	207	162.763488769531	0.167900398373604	0
NOTE	208	163.213363647461	0.531455457210541	0.3000000
NOTE	209	164.887268066406	0.230832248926163	0
NOTE	210	165.299407958984	0.762774288654327	0.3000000
NOTE	211	166.791870117188	0.150273576378822	0
NOTE	212	166.886116027832	0.255127556622028	0
NOTE	213	166.980361938477	0.359981536865234	0
NOTE	214	167.274063110352	0.741036295890808	0.3000000
NOTE	215	169.268646240234	0.331299901008606	0
NOTE	216	171.382583618164	0.302118182182312	0
NOTE	217	171.531311035156	0.761495590209961	0.3000000
NOTE	218	173.463516235352	0.781580865383148	0
NOTE	219	173.663955688477	0.480046778917313	0.3000000
NOTE	220	1.11272716522217	0.788348376750946	0
NOTE	221	2.19817018508911	0.189913555979729	0
NOTE	222	6.36180305480957	0.163060650229454	0
NOTE	223	8.4355525970459	0.230832189321518	0
NOTE	224	10.5185222625732	0.157945930957794	0
NOTE	225	11.3377981185913	0.508738219738007	0
NOTE	226	12.5854330062866	0.505419194698334	0
NOTE	227	14.6775465011597	0.76916778087616	0
NOTE	228	16.7489910125732	0.81008642911911	0
NOTE	229	23.0573558807373	0.145158752799034	0.3000000
NOTE	230	23.0573558807373	0.564512372016907	0.3000000
NOTE	231	25.1634311676025	0.0952892601490021	0.3000000
NOTE	232	25.1634311676025	0.485294908285141	0.3000000
NOTE	233	27.2440948486328	0.117027252912521	0.3000000
NOTE	234	27.2440948486328	0.453327178955078	0.3000000
NOTE	235	29.3247587680817	0.104240200890274	0.3000000
NOTE	236	29.3247587680817	0.504475474357605	0.3000000
NOTE	237	31.4307745695114	0.0876170098781586	0.3000000
NOTE	238	31.4307745695114	0.469950376209749	0.3000000
NOTE	239	33.4999153614044	0.108076304197311	0.3000000
NOTE	240	33.4999153614044	0.47122910618782	0.3000000
NOTE	241	35.59671241045	0.088895708322525	0.3000000
NOTE	242	35.59671241045	0.485294908285141	0.3000000
NOTE	243	37.3962440490723	0.360668569803238	0
NOTE	244	37.6543312072754	0.908546924591064	0
NOTE	245	38.2189102172852	0.691166758537292	0
NOTE	246	39.248706817627	0.375774800777435	0
NOTE	247	39.4860877990723	0.866349577903748	0.3000000
NOTE	248	43.3962059020996	0.407293707132339	0
NOTE	249	43.7211647033691	0.148994922637939	0.2696155
NOTE	250	45.4791717529297	0.230832189321518	0
NOTE	251	46.3101997375488	0.673264801502228	0
NOTE	252	46.4493827819824	0.587591409683228	0
NOTE	253	46.5885620117188	0.501918017864227	0
NOTE	254	47.5713577270508	0.125978097319603	0
NOTE	255	49.6635475158691	0.170732945203781	0
NOTE	256	51.7303848266602	0.821594893932343	0
NOTE	257	52.0022712349892	0.275586932897568	0.3000000
NOTE	258	53.3201484680176	0.188634887337685	0
NOTE	259	53.6174545288086	0.757659494876862	0
NOTE	260	53.859447479248	0.134929075837135	0
NOTE	261	54.140552520752	0.769167840480804	0
NOTE	262	54.3986778259277	0.319062948226929	0
NOTE	263	54.6259474754334	0.842054124272721	0
NOTE	264	54.7593619823456	0.739118216234871	0
NOTE	265	54.8927764892578	0.636182308197021	0
NOTE	266	65.3031158447266	0.129814282059669	0
NOTE	267	65.4422988891602	0.224438615143299	0
NOTE	268	65.5814819335938	0.319062948226929	0
NOTE	269	68.430046081543	0.842054188251495	0
NOTE	270	68.5680732727051	0.749347925186157	0
NOTE	271	68.7061004638672	0.656641662120819	0
NOTE	272	66.3493804931641	0.826709628105164	0
NOTE	273	66.5069981813431	0.718658893873467	0
NOTE	274	66.6646158099175	0.610608159641771	0
NOTE	275	67.3930053710938	0.173290379345417	0
NOTE	276	67.5280532836914	0.258963748812675	0
NOTE	277	67.6631011962891	0.344637118279934	0
NOTE	278	69.4736633300781	0.110633730888367	0
NOTE	279	69.5967140197754	0.245537282120647	0
NOTE	280	69.7197647094727	0.380440833352928	0
NOTE	281	70.5199279785156	0.902153372764587	0
NOTE	282	70.6487350463867	0.789627194404602	0
NOTE	283	70.7775421142578	0.677101016044617	0
NOTE	284	96.3940658569336	0.264463663101196	0
NOTE	285	99.7373046875	0.147716298699379	0
NOTE	286	101.831718444824	0.111183874309063	0
NOTE	287	103.889778137207	0.780676126480103	0
NOTE	288	118.663070678711	0.119424417614937	0
NOTE	289	120.760383605957	0.39385262131691	0
NOTE	290	2.72853231430054	0.229546070098877	0.2714677
NOTE	291	3.55940651893616	0.756616652011871	0.3000000
NOTE	292	4.87363529205322	0.210677176713943	0
NOTE	293	5.05608034133911	0.803159952163696	0.3000000
NOTE	294	6.9484543800354	0.2308040112257	0
NOTE	295	7.14676952362061	0.795612335205078	0.3000000
NOTE	296	9.1377010345459	0.238351553678513	0
NOTE	297	9.23065757751465	0.737747848033905	0.3000000
NOTE	298	11.5639410018921	0.834608018398285	0
NOTE	299	11.8450784683228	0.169165655970573	0
NOTE	300	13.3349514007568	0.765422105789185	0.3000000
NOTE	301	15.362156867981	0.595602333545685	0.3000000
NOTE	302	17.5820789337158	0.717620968818665	0.3000000
NOTE	303	18.8645668029785	0.189292475581169	0
NOTE	304	19.6659660339355	0.20690344274044	0.3000000
NOTE	305	28.2433433532715	0.620760798454285	0
NOTE	306	28.4995422363281	0.288668543100357	0.3000000
NOTE	307	36.272819519043	0.756616652011871	0
NOTE	308	36.5970306396484	0.113816954195499	0
NOTE	309	38.4859381616116	0.130169987678528	0.3000000
NOTE	310	40.801082611084	0.816997051239014	0
NOTE	311	41.0696830749512	0.213193073868752	0
NOTE	312	41.3100090026855	0.567927956581116	0
NOTE	313	41.6183547973633	0.287410616874695	0.3000000
NOTE	314	42.8963050842285	0.854734778404236	0
NOTE	315	44.9801940917969	0.862282395362854	0
NOTE	316	49.1467704772949	0.835865914821625	0
NOTE	317	50.0009994506836	0.395592212677002	0.3000000
NOTE	318	47.8847999572754	0.247455328702927	0
NOTE	319	55.1558380126953	0.117590740323067	0
NOTE	320	55.3893661499023	0.458488434553146	0
NOTE	321	55.661434173584	0.128912016749382	0.3000000
NOTE	322	56.1753273010254	0.806933641433716	0
NOTE	323	56.322696685791	0.320116698741913	0
NOTE	324	56.5970326662064	0.778001427650452	0.3000000
NOTE	325	57.0009994506836	0.326406300067902	0
NOTE	326	58.2796211242676	0.822028756141663	0
NOTE	327	58.5154113769531	0.184260800480843	0
NOTE	328	58.7988166809082	0.78554892539978	0
NOTE	329	60.0937042236328	0.328922182321548	0
NOTE	330	60.3635101318359	0.754100859165192	0
NOTE	331	60.6061019897461	0.206903368234634	0
NOTE	332	60.8804359436035	0.760390400886536	0
NOTE	333	62.4292602539063	0.169165655970573	0
NOTE	334	62.6831893920898	0.83460807800293	0
NOTE	335	62.9325828552246	0.484904885292053	0
NOTE	336	64.5312805175781	0.32011666893959	0
NOTE	337	64.7693405151367	0.806933641433716	0
NOTE	338	65.0696792602539	0.340243488550186	0
NOTE	339	74.2116012573242	0.206903427839279	0
NOTE	340	76.2909545898438	0.755358755588531	0
NOTE	341	78.272819519043	0.264767974615097	0
NOTE	342	91.4052276611328	0.847187221050262	0
NOTE	343	91.9040298461914	0.258478343486786	0
NOTE	344	91.5457992553711	0.218224763870239	0
NOTE	345	92.1911926269531	0.557864487171173	0
NOTE	346	93.4868545532227	0.167907670140266	0
NOTE	347	93.6206207275391	0.813223302364349	0
NOTE	348	93.8700180053711	0.126396179199219	0
NOTE	349	94.1367874145508	0.794354379177094	0
NOTE	350	95.5707473754883	0.884925007820129	0
NOTE	351	95.738525390625	0.0899163633584976	0
NOTE	352	95.9675064086914	0.284894734621048	0
NOTE	353	96.2478790283203	0.701268017292023	0
NOTE	354	98.0574340820313	0.840897679328918	0
NOTE	355	98.3385696411133	0.564154148101807	0
NOTE	356	98.4360580444336	0.12513829767704	0
NOTE	357	99.9198989868164	0.796870291233063	0
NOTE	358	100.120910644531	0.364144057035446	0
NOTE	359	100.406585693359	0.83586597442627	0
NOTE	360	102.27961730957	0.388044655323029	0
NOTE	361	102.642379760742	0.131427943706512	0
NOTE	362	104.000999450684	0.186776638031006	0
NOTE	363	104.730796813965	0.648435115814209	0
NOTE	364	107.076484680176	0.190550431609154	0.3000000
NOTE	365	108.22974395752	0.374207437038422	0
NOTE	366	108.476867675781	0.640887558460236	0
NOTE	367	108.735336303711	0.205645471811295	0
NOTE	368	108.909912109375	0.561638295650482	0
NOTE	369	110.315895080566	0.83209216594696	0
NOTE	370	110.565292358398	0.164133965969086	0
NOTE	371	110.823753356934	0.8333500623703	0
NOTE	372	111.000999450684	0.133943781256676	0
NOTE	373	112.041450500488	0.746151089668274	0
NOTE	374	112.271911621094	0.14260134100914	0
NOTE	375	112.436065673828	0.702525913715363	0
NOTE	376	112.671852111816	0.17922905087471	0
NOTE	377	112.909912109375	0.671077787876129	0
NOTE	378	113.087821960449	0.269799739122391	0
NOTE	379	114.606101989746	0.805675804615021	0
NOTE	380	114.742134094238	0.0886584296822548	0
NOTE	381	114.984733581543	0.609439492225647	0
NOTE	382	116.581169128418	0.837123870849609	0
NOTE	383	116.805618286133	0.16664981842041	0
NOTE	384	117.305480957031	0.364144057035446	0
NOTE	385	117.103691101074	0.754100799560547	0
NOTE	386	118.907638549805	0.551574885845184	0
NOTE	387	119.228385925293	0.245899111032486	0
NOTE	388	119.325881958008	0.778001368045807	0
NOTE	389	121.031143188477	0.117590755224228	0
NOTE	390	121.480056762695	0.18929249048233	0
NOTE	391	123.115028381348	0.144007176160812	0
NOTE	392	123.330413818359	0.627050399780273	0
NOTE	393	123.520866394043	0.214450925588608	0.3000000
NOTE	394	125.18531036377	0.839639723300934	0
NOTE	395	125.464179992676	0.512579262256622	0
NOTE	396	125.629699707031	0.188034638762474	0
NOTE	397	127.269203186035	0.650951027870178	0
NOTE	398	127.532196044922	0.167907774448395	0
NOTE	399	127.733985900879	0.728942334651947	0
NOTE	400	129.371231079102	0.405655562877655	0
NOTE	401	129.618347167969	0.717620968818665	0
NOTE	402	129.813339233398	0.254704654216766	0
NOTE	403	131.570739746094	0.205645546317101	0
NOTE	404	131.811065673828	0.692462503910065	0
NOTE	405	133.477783203125	0.157844379544258	0
NOTE	406	133.668228149414	0.796870231628418	0
NOTE	407	135.382568359375	0.866056203842163	0
NOTE	408	135.65690612793	0.184260785579681	0
NOTE	409	135.897216796875	0.799386084079742	0
NOTE	410	136.261489868164	0.545285284519196	0.3000000
NOTE	411	137.470977783203	0.137717589735985	0
NOTE	412	137.75439453125	0.868571996688843	0
NOTE	413	137.998992919922	0.267283827066422	0
NOTE	414	138.386169433594	0.3427594602108	0.3000000
NOTE	415	139.566207885742	0.161618202924728	0
NOTE	416	140.288696289063	0.484904855489731	0
NOTE	417	141.695449829102	0.174197360873222	0
NOTE	418	141.901748657227	0.750327110290527	0
NOTE	419	142.175323486328	0.372949540615082	0
NOTE	420	142.365783691406	0.707557559013367	0
NOTE	421	143.72265625	0.88240921497345	0
NOTE	422	144.037033081055	0.213193029165268	0
NOTE	423	144.383926391602	0.376723289489746	0
NOTE	424	145.849609375	0.645919263362885	0
NOTE	425	146.11865234375	0.284894824028015	0
NOTE	426	146.524490356445	0.27231553196907	0
NOTE	427	147.926696777344	0.823286771774292	0
NOTE	428	148.232009887695	0.350306868553162	0
NOTE	429	150.111846923828	0.794354498386383	0
NOTE	430	150.288681030273	0.19306617975235	0
NOTE	431	150.50634765625	0.759132564067841	0
NOTE	432	150.665054321289	0.154070630669594	0
NOTE	433	152.383911132813	0.248415008187294	0
NOTE	434	152.658248901367	0.733974039554596	0
NOTE	435	152.821487426758	0.459386378526688	0
NOTE	436	154.18212890625	0.638371706008911	0
NOTE	437	154.392981529236	0.248414993286133	0
NOTE	438	154.864566385746	0.434587866067886	0
NOTE	439	156.288696289063	0.372949570417404	0
NOTE	440	156.798812866211	0.857250690460205	0
NOTE	441	156.998992919922	0.69246244430542	0
NOTE	442	158.451934814453	0.160360217094421	0
NOTE	443	158.617431640625	0.605665624141693	0
NOTE	444	158.83283996582	0.245899140834808	0
NOTE	445	160.030227661133	0.632082104682922	0
NOTE	446	160.404327392578	0.123880334198475	0
NOTE	447	160.975660920143	0.180487006902695	0
NOTE	448	161.096890598536	0.866056203842163	0.3000000
NOTE	449	162.132247924805	0.199355944991112	0
NOTE	450	162.526748657227	0.678625345230103	0
NOTE	451	163.056091308594	0.813223361968994	0
NOTE	452	164.17985534668	0.756616711616516	0
NOTE	453	164.594765424728	0.141491323709488	0
NOTE	454	165.117294311523	0.555348694324493	0
NOTE	455	168.370315551758	0.766680061817169	0
NOTE	456	168.739852905273	0.147780910134315	0
NOTE	457	169.015274047852	0.828318417072296	0
NOTE	458	169.409774780273	0.732716083526611	0.3000000
NOTE	459	170.44287109375	0.550316989421844	0
NOTE	460	170.839614868164	0.126396238803864	0
NOTE	461	171.090087890625	0.785548985004425	0
NOTE	462	172.50634765625	0.199355870485306	0
NOTE	463	172.880432128906	0.774227619171143	0
NOTE	464	173.201187133789	0.220740616321564	0
NOTE	465	175.13996887207	0.227030247449875	0
NOTE	466	175.30549621582	0.778001427650452	0
NOTE	467	175.557144165039	0.240867391228676	0
NOTE	468	175.665969848633	0.683657050132751	0.2954904
LINK 124 125 126
LINK 127 128 129
LINK 211 212 213
LINK 251 252 253
LINK 263 264 265
LINK 266 267 268
LINK 269 270 271
LINK 272 273 274
LINK 275 276 277
LINK 278 279 280
LINK 281 282 283
