VERSION 2
BPM 240
PAGE_SHIFT 0
PAGE_SIZE 1
NOTE	0	0.67985063791275	0.189913555979729	0
NOTE	1	1.72577512264252	0.75638073682785	0
NOTE	2	2.72594451904297	0.230832189321518	0
NOTE	3	3.7856969833374	0.743593692779541	0
NOTE	4	4.81121826171875	0.20781546831131	0
NOTE	5	5.80183029174805	0.747429847717285	0
NOTE	6	6.83656930923462	0.179683908820152	0
NOTE	7	7.87956142425537	0.742314994335175	0
NOTE	8	8.93588161468506	0.253848820924759	0
NOTE	9	9.96651077270508	0.752544641494751	0
NOTE	10	11.0712423324585	0.169454261660576	0
NOTE	11	12.0986499786377	0.794741988182068	0
NOTE	12	13.1288604736328	0.180962592363358	0
NOTE	13	14.1808176040649	0.790905833244324	0
NOTE	14	15.165735244751	0.196307122707367	0
NOTE	15	16.2534828186035	0.747429847717285	0
NOTE	16	17.2792930603027	0.258963793516159	0
NOTE	17	18.3318424224854	0.802414238452911	0
NOTE	18	19.3528327941895	0.230832144618034	0
NOTE	19	21.5068283081055	0.631067514419556	0
NOTE	20	22.0465202331543	0.40985119342804	0
NOTE	21	22.0465202331543	0.911104321479797	0
NOTE	22	20.4401626586914	0.758938133716583	0.5598373
NOTE	23	22.5600070953369	0.325456470251083	0
NOTE	24	23.0712432861328	0.102961525321007	0
NOTE	25	23.0712432861328	0.567132115364075	0
NOTE	26	23.5921020507813	0.632346153259277	0
NOTE	27	24.1198101043701	0.416244685649872	0
NOTE	28	24.1198101043701	0.831824481487274	0
NOTE	29	24.6291465759277	0.26152116060257	0
NOTE	30	25.1657333374023	0.097846657037735	0
NOTE	31	25.1657333374023	0.48913100361824	0
NOTE	32	25.677375793457	0.637461006641388	0
NOTE	33	26.1912574768066	0.422638267278671	0
NOTE	34	26.1912574768066	0.807529091835022	0
NOTE	35	26.7098116278648	0.279423028230667	0
NOTE	36	27.2440948486328	0.0620428621768951	0
NOTE	37	27.2440948486328	0.501918055571764	0
NOTE	38	27.7488212585449	0.692445397377014	0
NOTE	39	28.2972717285156	0.460999429225922	0
NOTE	40	28.2972717285156	0.876579217452999	0
NOTE	41	28.8158283233643	0.303718566894531	0
NOTE	42	29.3224544525146	0.0978466644883156	0
NOTE	43	29.3224544525146	0.537721872329712	0
NOTE	44	29.8364009857178	0.663035213947296	0
NOTE	45	30.3779354095459	0.432867884635925	0
NOTE	46	30.3779354095459	0.847168922424316	0
NOTE	47	30.8849678039551	0.260242462158203	0
NOTE	48	31.405424118042	0.073551245033741	0
NOTE	49	31.405424118042	0.507032871246338	0
NOTE	50	31.9193687438965	0.701396346092224	0
NOTE	51	32.4609031677246	0.443097531795502	0
NOTE	52	32.4609031677246	0.905989527702332	0
NOTE	53	32.9748497009277	0.237225741147995	0
NOTE	54	33.4930000305176	0.0876170247793198	0
NOTE	55	33.4930000305176	0.489131033420563	0
NOTE	56	34.0299263000488	0.693724095821381	0
NOTE	57	34.5254362821579	0.466114289768832	0
NOTE	58	34.5254362821579	0.870185673236847	0
NOTE	59	35.0735473632813	0.283259242773056	0
NOTE	60	35.5667495727539	0.0850596055388451	0
NOTE	61	35.5667495727539	0.481458783149719	0
NOTE	62	36.255786895752	0.255127638578415	0.3000000
NOTE	63	36.255786895752	0.793463306777866	0.3000000
NOTE	64	36.908016204834	0.503196775913239	0
NOTE	65	37.4100341796875	0.385555803775787	0
NOTE	66	37.9285888671875	0.730806589126587	0
NOTE	67	38.4816474914551	0.134929090738297	0
NOTE	68	38.9794616699219	0.792184591293335	0
NOTE	69	39.5229568481445	0.35870286822319	0
NOTE	70	40.0529747009277	0.760216891765594	0
NOTE	71	40.5669212341309	0.310112088918686	0
NOTE	72	41.0666351318359	0.714183390140533	0
NOTE	73	41.6220639944077	0.151552379131317	0
NOTE	74	42.0691070556641	0.725691795349121	0
NOTE	75	42.6475830078125	0.34975191950798	0
NOTE	76	43.1657371520996	0.732085287570953	0
NOTE	77	43.7280807495117	0.237225770950317	0
NOTE	78	44.2350451350212	0.835660576820374	0
NOTE	79	44.7697334289551	0.285816550254822	0
NOTE	80	45.2878837585449	0.744872391223907	0
NOTE	81	45.824878692627	0.248734027147293	0
NOTE	82	46.2880516052246	0.757659435272217	0
NOTE	83	46.7858664393425	0.202700674533844	0
NOTE	84	47.3040161132813	0.739757537841797	0
NOTE	85	47.8179626464844	0.247455328702927	0
NOTE	86	48.380241394043	0.733364045619965	0
NOTE	87	48.8872718811035	0.221881225705147	0
NOTE	88	49.398509979248	0.737200200557709	0
NOTE	89	49.9459915161133	0.258963763713837	0
NOTE	90	50.4493814408779	0.697560250759125	0
NOTE	91	50.9886779785156	0.232110932469368	0
NOTE	92	51.4607353210449	0.739757597446442	0
NOTE	93	52.0009994506836	0.283259093761444	0
NOTE	94	52.5323486328125	0.72952789068222	0
NOTE	95	53.1334686279297	0.275586932897568	0.3000000
NOTE	96	56.9748497009277	0.316505521535873	0
NOTE	97	57.4999160766602	0.120863378047943	0
NOTE	98	57.4999160766602	0.553066313266754	0
NOTE	99	58.0322303771973	0.766610383987427	0
NOTE	100	58.5692253112793	0.544115364551544	0
NOTE	101	58.5692253112793	0.921333968639374	0
NOTE	102	59.0804614126682	0.267275333404541	0
NOTE	103	59.5621420145035	0.0697150826454163	0
NOTE	104	59.5621420145035	0.464835584163666	0
NOTE	105	60.1175079345703	0.696281522512436	0
NOTE	106	60.6153192520142	0.504475474357605	0
NOTE	107	60.6153192520142	0.888087570667267	0
NOTE	108	61.1634292602539	0.277504991739988	0
NOTE	109	61.6704635620117	0.0812234506011009	0
NOTE	110	61.6704635620117	0.473786532878876	0
NOTE	111	62.198169708252	0.7154620885849	0
NOTE	112	62.7121162414551	0.530049683661247	0
NOTE	113	62.7121162414551	0.929006218910217	0
NOTE	114	63.2464027404785	0.238504394888878	0
NOTE	115	63.7649536132813	0.0927318334579468	0
NOTE	116	63.7649536132813	0.443097561597824	0
NOTE	117	64.281135559082	0.690527364611626	0
NOTE	118	64.7766476869583	0.490409702062607	0
NOTE	119	64.7766476869583	0.890645027160645	0
NOTE	120	65.3432006835938	0.253848932683468	0
NOTE	121	65.8433151245117	0.0825022011995316	0
NOTE	122	65.8433151245117	0.425195664167404	0
NOTE	123	66.3733291625977	0.696281582117081	0
NOTE	124	66.8826675415039	0.52749228477478	0
NOTE	125	66.8826675415039	0.865070879459381	0
NOTE	126	67.4261627197266	0.258963748812675	0
NOTE	127	67.9331973791122	0.0876170098781586	0
NOTE	128	67.9331973791122	0.430310487747192	0
NOTE	129	68.4724197387695	0.710347294807434	0
NOTE	130	68.972541809082	0.509590327739716	0
NOTE	131	68.972541809082	0.911104321479797	0
NOTE	132	69.5137481689453	0.289652734994888	0
NOTE	133	70.0322341918945	0.0965679734945297	0
NOTE	134	70.0322341918945	0.460999459028244	0
NOTE	135	70.5369644165039	0.710347324609756	0
NOTE	136	71.0758514404297	0.891923725605011	0
NOTE	137	71.0758514404297	0.49296709895134	0
NOTE	138	71.5897979736328	0.146437446042562	0.3000000
NOTE	139	71.5897979736328	0.856119930744171	0.3000000
NOTE	140	72.4148101806641	0.313948124870073	0.4185232
NOTE	141	72.4148101806641	0.684773206710815	0.4185232
NOTE	142	73.5921020507813	0.765331745147705	0.3000000
NOTE	143	74.9909896850586	0.723134398460388	0
NOTE	144	75.7880020141602	0.211651518940926	0.2119980
NOTE	145	77.0781555175781	0.174569070339203	0
NOTE	146	77.8202667236328	0.726970493793488	0.1797333
NOTE	147	79.1703491210938	0.75638073682785	0
NOTE	148	80.0009994506836	0.238504499197006	0.6656672
NOTE	149	81.2694473266602	0.764052987098694	0
NOTE	150	82.1290283203125	0.215487688779831	0.5376384
NOTE	151	83.3270645141602	0.793463289737701	0
NOTE	152	84.149772644043	0.237225741147995	0.6835607
NOTE	153	85.4238586425781	0.293488830327988	0
NOTE	154	86.2189178466797	0.743593692779541	0.6144155
NOTE	155	87.4376831054688	0.560738623142242	0
NOTE	156	88.3548889160156	0.133650377392769	0.4830526
NOTE	157	89.5713653564453	0.319063007831573	0
NOTE	158	90.4009857177734	0.824152231216431	0.4507879
NOTE	159	91.1818695068359	0.159224614500999	0
NOTE	160	91.6658477783203	0.590148866176605	0
NOTE	161	92.0967636108398	0.188634887337685	0
NOTE	162	92.4908676147461	0.182241320610046	0.3000000
NOTE	163	93.2463989257813	0.719298303127289	0
NOTE	164	93.7511291503906	0.412408620119095	0
NOTE	165	94.1751251220703	0.582476615905762	0
NOTE	166	94.5577087402344	0.808807730674744	0.3000000
NOTE	167	95.3455047607422	0.137486591935158	0
NOTE	168	95.8456192016602	0.423916965723038	0
NOTE	169	96.2511749267578	0.839496731758118	0
NOTE	170	96.6637191772461	0.59909975528717	0.3000000
NOTE	171	97.9378051757813	0.218045145273209	0
NOTE	172	98.4885635375977	0.87274307012558	0
NOTE	173	98.725944519043	0.654084205627441	0.2394851
NOTE	174	99.5114364624023	0.174569144845009	0
NOTE	175	100.027626037598	0.351030647754669	0
NOTE	176	100.396369934082	0.73847883939743	0
NOTE	177	100.668327331543	0.2423405200243	0.3000000
NOTE	178	101.585189819336	0.74742978811264	0
NOTE	179	102.073715209961	0.22571736574173	0
NOTE	180	102.546180725098	0.775561392307281	0
NOTE	181	102.831962585449	0.526213467121124	0.1680374
NOTE	182	103.67276763916	0.206536754965782	0
NOTE	183	104.195861816406	0.785791039466858	0
NOTE	184	105.000999450684	0.764052987098694	0.3000000
NOTE	185	104.624534606934	0.226996064186096	0
NOTE	186	106.305595397949	0.140043884515762	0
NOTE	187	106.421726226807	0.239143714308739	0
NOTE	188	106.537857055664	0.338243544101715	0
NOTE	189	106.67204284668	0.827988386154175	0
NOTE	190	106.805458068848	0.73592147231102	0
NOTE	191	106.938873291016	0.643854558467865	0
NOTE	192	107.847923278809	0.239783152937889	0
NOTE	193	108.315704345703	0.752544581890106	0
NOTE	194	108.811218261719	0.28837388753891	0
NOTE	195	109.151908874512	0.75638073682785	0.3000000
NOTE	196	109.923980712891	0.636182308197021	0
NOTE	197	110.403282165527	0.182241305708885	0
NOTE	198	110.866539001465	0.78323358297348	0
NOTE	199	111.103507995605	0.233389556407928	0.3000000
NOTE	200	112.041450500488	0.746151089668274	0
NOTE	201	112.553085327148	0.168175518512726	0
NOTE	202	113.336288452148	0.352309376001358	0.3000000
NOTE	203	114.651298522949	0.820316135883331	0
NOTE	204	114.822746276855	0.699478328227997	0
NOTE	205	114.994194030762	0.578640520572662	0
NOTE	206	115.419250488281	0.221881285309792	0.3000000
NOTE	207	116.191255956888	0.775561332702637	0
NOTE	208	116.730553865433	0.140044003725052	0
NOTE	209	113.068939208984	0.728249192237854	0
NOTE	210	117.121948242188	0.811365187168121	0
NOTE	211	117.520660400391	0.624673902988434	0.3000000
NOTE	212	118.278831481934	0.188634887337685	0
NOTE	213	118.861923217773	0.81903749704361	0
NOTE	214	119.223358154297	0.13237176835537	0
NOTE	215	119.612846374512	0.333128750324249	0.3000000
NOTE	216	120.382545471191	0.836939334869385	0
NOTE	217	120.905708312988	0.590148866176605	0
NOTE	218	121.313232421875	0.134929165244102	0
NOTE	219	121.698120117188	0.336964875459671	0.3000000
NOTE	220	122.98176574707	0.789627134799957	0
NOTE	221	123.308624267578	0.18224136531353	0.3000000
NOTE	222	124.583053588867	0.770446538925171	0
NOTE	223	124.944892883301	0.152831047773361	0
NOTE	224	125.843314409256	0.147716224193573	0
NOTE	225	125.324752807617	0.477622628211975	0.3000000
NOTE	226	126.656799316406	0.780676186084747	0
NOTE	227	126.928756713867	0.174569070339203	0
NOTE	228	127.343200683594	0.622116565704346	0.3000000
NOTE	229	127.921669006348	0.155388474464417	0
NOTE	230	128.702896118164	0.246176660060883	0
NOTE	231	128.990982055664	0.751265943050385	0
NOTE	232	129.333984375	0.420080810785294	0.3000000
NOTE	233	130.029922485352	0.735921442508698	0
NOTE	234	130.804306030273	0.205258056521416	0
NOTE	235	131.07585144043	0.770446538925171	0
NOTE	236	131.469955444336	0.287095308303833	0
NOTE	237	131.880187988281	0.720576941967011	0
NOTE	238	132.115203857422	0.246176674962044	0.3847961
NOTE	239	133.419250488281	0.760216891765594	0
NOTE	240	133.827178955078	0.192471012473106	0
NOTE	241	134.198165893555	0.725691735744476	0.4685008
NOTE	242	135.036682128906	0.137486591935158	0
NOTE	243	135.262542724609	0.453327208757401	0
NOTE	244	135.748825073242	0.180962577462196	0.1981701
NOTE	245	136.274215698242	0.839496731758118	0
NOTE	246	137.103508353233	0.155388474464417	0
NOTE	247	137.327056884766	0.77428263425827	0
NOTE	248	137.850234985352	0.193749710917473	0.1497650
NOTE	249	138.373321533203	0.766610443592072	0
NOTE	250	139.232571095228	0.189913541078568	0
NOTE	251	139.410018920898	0.758938133716583	0
NOTE	252	139.949325561523	0.253848910331726	0
NOTE	253	140.209686279297	0.796020686626434	0
NOTE	254	140.470123291016	0.134929224848747	0.3000000
NOTE	255	141.315536499023	0.793463289737701	0
NOTE	256	141.513748168945	0.339522272348404	0
NOTE	257	141.762649536133	0.718019545078278	0.2373505
NOTE	258	142.555389404297	0.32289907336235	0.3000000
NOTE	259	143.354721069336	0.767889082431793	0
NOTE	260	143.594421386719	0.206536740064621	0
NOTE	261	144.264999389648	0.801135540008545	0
NOTE	262	144.633758544922	0.234668284654617	0.3000000
NOTE	263	145.458435058594	0.734642744064331	0
NOTE	264	145.670455932617	0.210372909903526	0
NOTE	265	146.368713378906	0.827988386154175	0
NOTE	266	146.716725707054	0.218045145273209	0.2832743
NOTE	267	147.502227783203	0.656641662120819	0
NOTE	268	147.758040785789	0.232110887765884	0
NOTE	269	148.4931640625	0.613165557384491	0
NOTE	270	148.811218261719	0.20014326274395	0.1887817
NOTE	271	150.162704467773	0.799856781959534	0
NOTE	272	150.351432800293	0.652166128158569	0
NOTE	273	150.540161132813	0.504475474357605	0
NOTE	274	150.889577567577	0.191192299127579	0
NOTE	275	151.686584472656	0.758938252925873	0
NOTE	276	151.921676635742	0.177126497030258	0
NOTE	277	152.456283569336	0.746151149272919	0
NOTE	278	152.956413626671	0.184798717498779	0
NOTE	279	153.778778076172	0.706511199474335	0
NOTE	280	154.0322265625	0.177126497030258	0
NOTE	281	154.707504272461	0.757659494876862	0
NOTE	282	155.091979980469	0.207815438508987	0.3000000
NOTE	283	155.847915649414	0.317784309387207	0
NOTE	284	156.119812011719	0.806250393390656	0
NOTE	285	156.629150390625	0.292210102081299	0
NOTE	286	157.158828735352	0.733364045619965	0.3000000
NOTE	287	158.51301574707	0.156667247414589	0
NOTE	288	158.699447631836	0.232750311493874	0
NOTE	289	158.885864257813	0.308833390474319	0
NOTE	290	159.108123779297	0.755102097988129	0.5585429
NOTE	291	160.792785644531	0.1988645195961	0
NOTE	292	161.241790771484	0.752544641494751	0.3000000
NOTE	293	162.804306030273	0.770446538925171	0
NOTE	294	163.30632019043	0.229553446173668	0.3000000
NOTE	295	164.887268066406	0.230832248926163	0
NOTE	296	165.299407958984	0.762774288654327	0.3000000
NOTE	297	166.791870117188	0.150273576378822	0
NOTE	298	166.886116027832	0.255127556622028	0
NOTE	299	166.980361938477	0.359981536865234	0
NOTE	300	167.274063110352	0.741036295890808	0.3000000
NOTE	301	169.705032348633	0.824152231216431	0.2949677
NOTE	302	169.359329223633	0.220602542161942	0
NOTE	303	171.255630493164	0.20525798201561	0
NOTE	304	171.617462158203	0.761495590209961	0.3000000
NOTE	305	173.352415084839	0.758938193321228	0
NOTE	306	173.548324584961	0.239783093333244	0.3000000
NOTE	307	175.171750858426	0.174569070339203	0
NOTE	308	175.324760437012	0.252570182085037	0
NOTE	309	175.477767944336	0.330571293830872	0
LINK 186 187 188
LINK 189 190 191
LINK 203 204 205
LINK 271 272 273
LINK 287 288 289
LINK 297 298 299
LINK 307 308 309
