VERSION 2
BPM 130
PAGE_SHIFT 0
PAGE_SIZE 1.84615384615385
NOTE	0	0.199914619326591	0.206536695361137	0
NOTE	1	0.459458321332932	0.546672783792019	0
NOTE	2	0.740276277065277	0.8868088722229	0
NOTE	3	2.4244344326166	0.141322672367096	0
NOTE	4	2.7009973526001	0.47506520152092	0
NOTE	5	2.96905078337743	0.808807730674744	0
NOTE	6	4.70914697647095	0.811365187168121	0
NOTE	7	4.98570966720581	0.488491676747799	0
NOTE	8	5.24525356292725	0.165618166327477	0
NOTE	9	6.97621488571167	0.182241395115852	0
NOTE	10	7.26022577285767	0.526213526725769	0
NOTE	11	7.52496242523193	0.801135540008545	0.5538462
NOTE	12	9.2559232711792	0.192470952868462	0
NOTE	13	9.57077980041504	0.485294878482819	0
NOTE	14	9.84734344482422	0.784512281417847	0.6141950
NOTE	15	11.5448913574219	0.817758679389954	0
NOTE	16	11.8427286148071	0.191192284226418	0
NOTE	17	12.1660947799683	0.678379654884338	0.5538462
NOTE	18	128.175628662109	0.21548767387867	0.9104720
NOTE	19	128.175628662109	0.806250287811341	0.9104720
NOTE	20	13.8757801055908	0.179683908820152	0
NOTE	21	14.1608533859253	0.545394122600555	0
NOTE	22	14.4161424636841	0.819037437438965	0.3530883
NOTE	23	16.1264553070068	0.22188127040863	0
NOTE	24	16.4200382232666	0.829267024993896	0
NOTE	25	16.7128715515137	0.469950407743454	1.1332820
NOTE	26	18.9848194122314	0.168175533061003	0
NOTE	27	18.9848194122314	0.825430929660797	0
NOTE	28	18.4605388641357	0.551787674427032	0
NOTE	29	19.53369140625	0.425195664167404	0
NOTE	30	20.0995807647705	0.174569100141525	0
NOTE	31	20.0995807647705	0.797299399868116	0
NOTE	32	20.7242889404297	0.622116565704346	0
NOTE	33	21.2603969573975	0.198864475306607	0
NOTE	34	21.2603969573975	0.803692877292633	0
NOTE	35	21.8645801544189	0.549230217933655	0
NOTE	36	22.3877999048967	0.253848910331726	0
NOTE	37	22.4260932115408	0.815201282501221	0
NOTE	38	22.9775629818089	0.239783108132834	0
NOTE	39	23.2704626285556	0.345148553034148	0
NOTE	40	23.5663528145745	0.450513997833891	0
NOTE	41	22.9775629818089	0.766610324382782	0
NOTE	42	23.2704626285556	0.661244887433377	0
NOTE	43	23.5663528145745	0.555879450483971	0
NOTE	44	23.7892932891846	0.463556855916977	0
NOTE	45	24.1511421203613	0.150273650884628	0
NOTE	46	24.3801708221436	0.279934525489807	0
NOTE	47	24.5538864135742	0.381463885307312	0
NOTE	48	24.9403419494629	0.381463885307312	0
NOTE	49	25.2962837219238	0.381463885307312	0
NOTE	50	25.6919822692871	0.381463885307312	0
NOTE	51	26.1354179382324	0.585673332214355	0
NOTE	52	26.880012512207	0.317784279584885	0.5538462
NOTE	53	28.1301803588867	0.636182308197021	0
NOTE	54	28.7301082611084	0.205258011817932	0
NOTE	55	28.7301082611084	0.778118789196014	0
NOTE	56	29.2364330291748	0.524934828281403	0
NOTE	57	29.8617668151855	0.235947042703629	0
NOTE	58	29.8617668151855	0.826709687709808	0
NOTE	59	30.4404201507568	0.510868986318812	0
NOTE	60	30.9850368499756	0.178405212058024	0
NOTE	61	30.9850368499756	0.843332827091217	0
NOTE	62	31.3856143951416	0.532607078552246	0
NOTE	63	31.7671737670898	0.645133261180376	0
NOTE	64	32.0496520996094	0.501918077468872	0
NOTE	65	32.2037582397461	0.716740846633911	0
NOTE	66	32.6904678344727	0.260242432355881	0
NOTE	67	32.6904678344727	0.799856842732204	0
NOTE	68	33.2317695617676	0.490409761667252	0
NOTE	69	33.794002532959	0.819037437438965	0
NOTE	70	34.1769371032715	0.562017321586609	0
NOTE	71	34.4603500366211	0.417949665232559	0
NOTE	72	34.7284049987793	0.273881995997856	0
NOTE	73	34.9598236083984	0.129814326763153	0
NOTE	74	35.2297248840332	0.751265943050385	0.5538462
NOTE	75	36.6721076965332	0.193749621510506	0
NOTE	76	36.9240760803223	0.758938193321228	0
NOTE	77	37.1740493774414	0.46227815747261	0.5538462
NOTE	78	39.0113792419434	0.756380796432495	0
NOTE	79	39.3134727478027	0.239783108234406	0
NOTE	80	39.6325836181641	0.663035094738007	0.5538462
NOTE	81	41.2492904663086	0.260242462158203	0
NOTE	82	41.5386161804199	0.711626052856445	0
NOTE	83	41.887508392334	0.225717321038246	0.4761665
NOTE	84	43.5886917114258	0.744872391223907	0.5538462
NOTE	85	44.4054908752441	0.261521100997925	0.8252785
NOTE	86	45.8563842773438	0.749987185001373	0
NOTE	87	46.349193572998	0.246176674962044	0.5538462
NOTE	88	48.0977973937988	0.27942305803299	0
NOTE	89	48.7147472454951	0.728249192237854	0.5538462
NOTE	90	50.4227752685547	0.226996064186096	0
NOTE	91	50.6541938781738	0.325456559658051	0
NOTE	92	50.9409255981445	0.42040054500103	0
NOTE	93	51.1928939819336	0.432228565216064	0
NOTE	94	51.39453125	0.432228565216064	0
NOTE	95	51.5834007263184	0.432228565216064	0
NOTE	96	52.5543136456097	0.817758679389954	0
NOTE	97	52.8835945555364	0.732085347175598	0
NOTE	98	53.1150131296253	0.646412014961243	0
NOTE	99	53.3107376098633	0.646412014961243	0
NOTE	100	53.4276313781738	0.646412014961243	0
NOTE	101	53.7380638122559	0.202700674533844	0.5538462
NOTE	102	54.9974899291992	0.326735228300095	0
NOTE	103	55.5334739685059	0.0569280609488487	0
NOTE	104	55.5334739685059	0.567132115364075	0
NOTE	105	56.1419105529785	0.666871264576912	0
NOTE	106	56.6950378417969	0.390670619159906	0
NOTE	107	56.6950378417969	0.87274307012558	0
NOTE	108	57.2346496582031	0.335686188191175	0
NOTE	109	57.8047943143746	0.0837808474898338	0
NOTE	110	57.8047943143746	0.587591540714096	0
NOTE	111	58.362174987793	0.594489693641663	0
NOTE	112	58.902538226201	0.377883493900299	0
NOTE	113	58.9110478988061	0.900874614715576	0
NOTE	114	59.6028004609622	0.248734086751938	0
NOTE	115	59.800178527832	0.423320239024942	0
NOTE	116	60.0230865478516	0.597906391297945	0
NOTE	117	60.6707611083984	0.772492527961731	0
NOTE	118	61.7932815551758	0.794741928577423	0
NOTE	119	62.0885238647461	0.709068596363068	0
NOTE	120	62.3293876647949	0.613804996013641	0
NOTE	121	62.661262512207	0.477622658014297	0
NOTE	122	62.9989318847656	0.247455388307571	0.6933761
NOTE	123	64.1604843139648	0.691166698932648	0
NOTE	124	64.7171249389648	0.481458741577036	0
NOTE	125	64.7171249389648	0.899595975875854	0
NOTE	126	65.3000411987305	0.32737454516962	0
NOTE	127	65.8531723022461	0.0735512524843216	0
NOTE	128	65.8531723022461	0.581197851807183	0
NOTE	129	66.4105377197266	0.705232560634613	0
NOTE	130	66.9592895507813	0.429031819105148	0
NOTE	131	66.9592895507813	0.876579165458679	0
NOTE	132	67.5507125854492	0.319063007831573	0
NOTE	133	68.1421279907227	0.122142054140568	0
NOTE	134	68.1421279907227	0.581197917461395	0
NOTE	135	68.7311401367188	0.839496731758118	0
NOTE	136	69.090202331543	0.780676305294037	0
NOTE	137	69.3428955078125	0.735921502113342	0
NOTE	138	69.5991287231445	0.680937051773071	0
NOTE	139	69.8109283447266	0.610608160495758	0
NOTE	140	69.9726104736328	0.517262578010559	0
NOTE	141	70.0109024047852	0.408572494983673	0
NOTE	142	70.4175872802734	0.22571736574173	0.6593361
NOTE	143	71.29833984375	0.771725237369537	0.5538462
NOTE	144	73.2037353515625	0.40345761179924	0
NOTE	145	72.114501953125	0.209094181656837	0.5538462
NOTE	146	73.8588562011719	0.129814341664314	0
NOTE	147	73.8588562011719	0.568410873413086	0
NOTE	148	74.3864593505859	0.687969893217087	0
NOTE	149	75.0076599121094	0.476343929767609	0
NOTE	150	75.0076599121094	0.899595877011542	0
NOTE	151	75.5607833862305	0.297324925661087	0
NOTE	152	76.1514511108398	0.113191132643104	0
NOTE	153	76.1514511108398	0.576083064079285	0
NOTE	154	76.7215957641602	0.700117647647858	0
NOTE	155	77.232175321158	0.413687288761139	0
NOTE	156	77.232175321158	0.911104321479797	0
NOTE	157	77.8319854736328	0.296046197414398	0
NOTE	158	78.4446792602539	0.0863382518291473	0
NOTE	159	78.4446792602539	0.505754172801971	0
NOTE	160	78.9935455322266	0.749987244606018	0
NOTE	161	79.5544312558906	0.501918027591444	0
NOTE	162	79.5544312558906	0.890645027160645	0
NOTE	163	80.1033020019531	0.322899103164673	0
NOTE	164	80.6947250366211	0.152831092476845	0
NOTE	165	80.6947250366211	0.507032939342063	0
NOTE	166	81.2647476196289	0.675822257995605	0
NOTE	167	81.8391418457031	0.407293796539307	0
NOTE	168	81.8391418457031	0.921333968639374	0
NOTE	169	82.4033737182617	0.206536740064621	0
NOTE	170	82.6884918212891	0.357424110174179	0
NOTE	171	82.9002532958984	0.468671649694443	0
NOTE	172	83.5573501586914	0.826709687709808	0.5538462
NOTE	173	84.4023971557617	0.619559109210968	0
NOTE	174	84.7061462402344	0.487852305173874	0
NOTE	175	84.9220733642578	0.358702898025513	0
NOTE	176	85.2506395119887	0.184798717498779	0.5538462
NOTE	177	86.4062881469727	0.633624911308289	0
NOTE	178	86.5738906860352	0.75382336974144	0
NOTE	179	86.7682342529297	0.874021828174591	0
NOTE	180	87.031005859375	0.156667158007622	0
NOTE	181	87.3134841918945	0.289652764797211	0
NOTE	182	87.5917053222656	0.406015068292618	0
NOTE	183	87.8436737060547	0.469950407743454	0
NOTE	184	88.1814651489258	0.469950407743454	0
NOTE	185	88.4639358520508	0.469950407743454	0
NOTE	186	88.9897537231445	0.808807730674744	0.5538462
NOTE	187	90.1172790527344	0.247455388307571	0
NOTE	188	90.7121963500977	0.840775370597839	0
NOTE	189	26.880012512207	0.838217973709106	0.5538462
NOTE	190	91.55039867988	0.163060694932938	0
NOTE	191	91.7929230836722	0.447573021054268	0
NOTE	192	92.0397024888259	0.732085347175598	0
NOTE	193	92.7160949707031	0.872743129730225	0.5538462
NOTE	194	93.843620300293	0.200143247842789	0
NOTE	195	94.07763671875	0.574804365634918	0
NOTE	196	94.4300384521484	0.778118789196014	0.5538462
NOTE	197	95.0963897705078	0.142601400613785	0
NOTE	198	95.395881652832	0.284537896513939	0
NOTE	199	95.6953735351563	0.426474392414093	0
NOTE	200	96.1531143188477	0.662395775318146	0
NOTE	201	96.7232513427734	0.460999459028244	0
NOTE	202	96.7232513427734	0.853562527803078	0
NOTE	203	97.2508544921875	0.284537851810455	0
NOTE	204	97.8209991455078	0.0978467091917992	0
NOTE	205	97.8209991455078	0.526213526725769	0
NOTE	206	98.4031600952148	0.732085347175598	0
NOTE	207	98.9818115234375	0.472507804632187	0
NOTE	208	98.9818115234375	0.897038578987122	0
NOTE	209	99.5477066040039	0.340801000595093	0
NOTE	210	100.126235961914	0.13237176835537	0
NOTE	211	100.126235961914	0.614870532660924	0
NOTE	212	100.704902648926	0.758511959134028	0
NOTE	213	101.279289245605	0.47122910618782	0
NOTE	214	101.279289245605	0.902153372764587	0
NOTE	215	101.869964599609	0.346555151045322	0
NOTE	216	102.406074523926	0.141322687268257	0
NOTE	217	102.406074523926	0.567132115364075	0
NOTE	218	103.005996704102	0.715462148189545	0
NOTE	219	103.576011657715	0.536443114280701	0
NOTE	220	103.576011657715	0.888087570667267	0
NOTE	221	104.158935546875	0.284537881612778	0
NOTE	222	104.690780639648	0.134929150342941	0
NOTE	223	104.690780639648	0.47506520152092	0
NOTE	224	105.262771606445	0.884251475334167	0
NOTE	225	105.579292297363	0.804971635341644	0
NOTE	226	105.823463439941	0.728249222040176	0
NOTE	227	106.139266967773	0.655362904071808	0
NOTE	228	106.461700439453	0.582476615905762	0
NOTE	229	106.827598571777	0.585034012794495	0
NOTE	230	107.377304077148	0.195028379559517	0
NOTE	231	107.664031982422	0.274308145046234	0
NOTE	232	107.925231933594	0.349751979112625	0
NOTE	233	108.181457519531	0.41880214214325	0
NOTE	234	108.438407897949	0.503196835517883	0
NOTE	235	108.669822692871	0.593984961509705	0
NOTE	236	108.795806884766	0.698838949203491	0
NOTE	237	108.872398376465	0.79602062702179	0
NOTE	238	108.872398376465	0.90471076965332	0
NOTE	239	109.543907165527	0.270472079515457	0.9176320
NOTE	240	111.049987792969	0.780676245689392	0.9981608
NOTE	241	113.19792175293	0.253848850727081	0.9559250
NOTE	242	115.516677856445	0.753823399543762	0.7910144
NOTE	243	117.719917297363	0.292210131883621	0.4339288
NOTE	244	118.991981506348	0.737200140953064	1.0080180
NOTE	245	121.131408691406	0.271750777959824	0.7147452
NOTE	246	122.437515258789	0.755102038383484	0.5538462
NOTE	247	124.155707065876	0.430310487747192	0
NOTE	248	123.582054138184	0.169454261660576	0
NOTE	249	124.72159576416	0.211651593446732	0.5538462
NOTE	250	125.861763000488	0.507032930850983	0
NOTE	251	126.329795837402	0.802414238452911	0
NOTE	252	126.840370178223	0.46867161989212	0.5442452
LINK 38 39 40
LINK 41 42 43 44
LINK 45 46 47 48 49 50
LINK 62 63 64 65
LINK 68 69 70 71 72 73
LINK 90 91 92 93 94 95
LINK 96 97 98 99 100
LINK 114 115 116 117
LINK 118 119 120 121
LINK 135 136 137 138 139 140 141
LINK 169 170 171
LINK 173 174 175
LINK 177 178 179
LINK 180 181 182 183 184 185
LINK 197 198 199
LINK 224 225 226 227 228 229
LINK 230 231 232 233 234 235 236 237 238
