VERSION 2
BPM 350
PAGE_SHIFT 0
PAGE_SIZE 0.685714285714286
NOTE	0	0.130172684788704	0.206536695361137	0
NOTE	1	0.425935626029968	0.830963850021362	0
NOTE	2	0.724729478359222	0.288036614656448	0
NOTE	3	2.4244344326166	0.798351899044594	0
NOTE	4	2.7009973526001	0.2281194627285	0
NOTE	5	4.70759248733521	0.622676432132721	0
NOTE	6	4.9717173576355	0.158915340900421	0
NOTE	7	5.23592567443848	0.819739162921906	0
NOTE	8	6.96999597549438	0.28161746263504	0
NOTE	9	7.26022577285767	0.776540577411652	0
NOTE	10	9.24567222595215	0.808854222297668	0
NOTE	11	9.58098220825195	0.227420285344124	0
NOTE	12	9.82402324676514	0.506510853767395	0.2776566
NOTE	13	11.5433368682861	0.201871693134308	0
NOTE	14	11.8427286148071	0.602904144567582	0
NOTE	15	12.1660947799683	0.340885400772095	0.1767624
NOTE	16	128.027923583984	0.216745600104332	0.2006478
NOTE	17	128.027923583984	0.807508230209351	0.2006478
NOTE	18	13.8162651062012	0.226227179169655	0
NOTE	19	14.1183423995972	0.781884053257517	0
NOTE	20	14.4010000228882	0.495750725269318	0.2088575
NOTE	21	16.1249008178711	0.374090194702148	0
NOTE	22	16.4200382232666	0.630514860153198	0
NOTE	23	18.9848194122314	0.168175533061003	0
NOTE	24	18.9848194122314	0.825430929660797	0
NOTE	25	18.3823184967041	0.502728641033173	0
NOTE	26	19.53369140625	0.359783560037613	0
NOTE	27	20.0995807647705	0.174569100141525	0
NOTE	28	20.0995807647705	0.797299399868116	0
NOTE	29	20.7242889404297	0.622116565704346	0
NOTE	30	21.2603969573975	0.198864475306607	0
NOTE	31	21.2603969573975	0.803692877292633	0
NOTE	32	21.8645801544189	0.549230217933655	0
NOTE	33	22.3971290588379	0.854196906089783	0
NOTE	34	26.1354179382324	0.273707926273346	0
NOTE	35	28.1255168914795	0.299058467149735	0
NOTE	36	28.6948375701904	0.700127422809601	0
NOTE	37	29.8197898864746	0.17053496837616	0
NOTE	38	30.9788188934326	0.618164241313934	0
NOTE	39	32.6826934814453	0.781775116920471	0
NOTE	40	34.7392883300781	0.307846009731293	0
NOTE	41	34.9704284667969	0.163778305053711	0
NOTE	42	36.6721076965332	0.193749621510506	0
NOTE	43	36.9240760803223	0.758938193321228	0
NOTE	44	37.1740493774414	0.46227815747261	0.3259506
NOTE	45	38.9305381774902	0.636877954006195	0
NOTE	46	39.2139739990234	0.198271527886391	0
NOTE	47	41.2523994445801	0.808697760105133	0
NOTE	48	41.5308418273926	0.178265854716301	0
NOTE	49	41.8859519958496	0.574162542819977	0.2839214
NOTE	50	45.833065032959	0.104671597480774	0
NOTE	51	48.1164512634277	0.344835132360458	0
NOTE	52	53.8624382019043	0.593915343284607	0.2619362
NOTE	53	54.9974899291992	0.326735228300095	0
NOTE	54	55.5334739685059	0.0569280609488487	0
NOTE	55	55.5334739685059	0.567132115364075	0
NOTE	56	56.1419105529785	0.666871264576912	0
NOTE	57	56.6950378417969	0.390670619159906	0
NOTE	58	56.6950378417969	0.87274307012558	0
NOTE	59	57.2346496582031	0.335686188191175	0
NOTE	60	57.8047943143746	0.0837808474898338	0
NOTE	61	57.8047943143746	0.587591540714096	0
NOTE	62	58.362174987793	0.594489693641663	0
NOTE	63	58.902538226201	0.377883493900299	0
NOTE	64	58.9110478988061	0.900874614715576	0
NOTE	65	63.8433303833008	0.225734442472458	0
NOTE	66	64.6782608032227	0.78135097026825	0
NOTE	67	65.2969284057617	0.29466849565506	0
NOTE	68	66.4089813232422	0.57818216085434	0
NOTE	69	66.9592895507813	0.148514568805695	0
NOTE	70	67.5460510253906	0.889956772327423	0
NOTE	71	68.1110382080078	0.395025014877319	0
NOTE	72	71.5772094726563	0.755372226238251	0.4227905
NOTE	73	73.2021789550781	0.855052709579468	0
NOTE	74	72.1160583496094	0.41539391875267	0.5538462
NOTE	75	74.3833541870117	0.367917865514755	0
NOTE	76	75.5452346801758	0.145115986466408	0
NOTE	77	76.6904983520508	0.661121904850006	0
NOTE	78	77.2492828369141	0.578475475311279	0
NOTE	79	77.8273162841797	0.840727774693249	0
NOTE	80	78.9733352661133	0.230464264750481	0
NOTE	81	80.1079635620117	0.434854507446289	0
NOTE	82	80.9880142211914	0.312281966209412	0
NOTE	83	91.5426254272461	0.6224245429039	0
NOTE	84	91.7882614135742	0.361812829971313	0
NOTE	85	93.83740234375	0.374994844198227	0
NOTE	86	94.0916290283203	0.78236198425293	0
NOTE	87	96.154670715332	0.725292026996613	0
NOTE	88	97.2430801391602	0.375108420848846	0
NOTE	89	98.4031600952148	0.797497451305389	0
NOTE	90	98.9755935668945	0.59639447927475	0
NOTE	91	99.5725784301758	0.700567543506622	0
NOTE	92	100.695571899414	0.171060994267464	0
NOTE	93	101.254417419434	0.376884758472443	0
NOTE	94	101.82487487793	0.813245296478271	0
NOTE	95	103.001327514648	0.353179752826691	0
NOTE	96	104.121620178223	0.737390875816345	0
NOTE	97	104.703216552734	0.785772681236267	0
NOTE	98	3.55110859870911	0.234958529472351	0
NOTE	99	3.63556432723999	0.234958529472351	0
NOTE	100	3.72002005577087	0.234958529472351	0
NOTE	101	5.82523012161255	0.282378971576691	0
NOTE	102	5.90023040771484	0.282378971576691	0
NOTE	103	5.97523021697998	0.282378971576691	0
NOTE	104	7.54385709762573	0.302505761384964	0
NOTE	105	10.4023323059082	0.178390539810948	0
NOTE	106	10.5374460260604	0.320116698741913	0
NOTE	107	25.280424118042	0.823286652565002	0
NOTE	108	25.6008875370026	0.375465322970513	0
NOTE	109	25.8576507568359	0.600634038448334	0
NOTE	110	26.4127902984619	0.750637173652649	0
NOTE	111	27.5385761260986	0.190550461411476	0
NOTE	112	27.8617782592773	0.837123870849609	0
NOTE	113	30.1037540435791	0.786806881427765	0
NOTE	114	33.2496032714844	0.386786758899689	0
NOTE	115	33.5631103515625	0.584280976616014	0
NOTE	116	34.1165542602539	0.237093642354012	0
NOTE	117	34.4233055114746	0.716363072395325	0
NOTE	118	35.1854438781738	0.726426422595978	0
NOTE	119	35.5140380859375	0.380497127771378	0.1431048
NOTE	120	39.5875015258789	0.73648989200592	0.1593895
NOTE	121	62.980785369873	0.600633978843689	0
NOTE	122	68.6982809007168	0.866056203842163	0
NOTE	123	68.8486404418945	0.735860973596573	0
NOTE	124	68.9990005493164	0.605665743350983	0
NOTE	125	70.935690253973	0.159102261066437	0
NOTE	126	71.0761566162109	0.269170716404915	0
NOTE	127	71.2166213989258	0.379239171743393	0
NOTE	128	94.3866271972656	0.240867435932159	0
NOTE	129	95.0047302246094	0.844671428203583	0
NOTE	130	95.1026840209961	0.693720459938049	0
NOTE	131	95.2006454467773	0.542769432067871	0
NOTE	132	95.5260314941406	0.216966807842255	0.2250000
NOTE	133	96.4306259155273	0.232057079672813	0
NOTE	134	98.6817474365234	0.213193088769913	0
NOTE	135	100.942970275879	0.630824208259583	0
NOTE	136	103.283676147461	0.615729033946991	0
NOTE	137	105.83097076416	0.767937898635864	0.3304138
NOTE	138	108.106666564941	0.599376082420349	0.1926572
NOTE	139	108.710578918457	0.157844334840775	0
NOTE	140	108.811157226563	0.303134679794312	0
NOTE	141	108.930374145508	0.448425024747849	0
NOTE	142	8.68764686584473	0.351564884185791	0
NOTE	143	8.78398895263672	0.230804055929184	0
NOTE	144	11.2871046066284	0.803921490797563	0
NOTE	145	13.2494745254517	0.367918009395197	0
NOTE	146	13.5090637207031	0.608181536197662	0
NOTE	147	14.9652824401855	0.210677236318588	0
NOTE	148	15.8382635116577	0.604407668113709	0
NOTE	149	16.6715755462646	0.223256468772888	0
NOTE	150	16.9715805053711	0.799386143684387	0
NOTE	151	17.2901785969734	0.122622430324554	0
NOTE	152	17.3923854827881	0.186776638031006	0
NOTE	153	17.494592666626	0.250930845737457	0
NOTE	154	17.8174915313721	0.278605103492737	0
NOTE	155	17.8174915313721	0.771711766719818	0
NOTE	156	19.7493133544922	0.639629602432251	0
NOTE	157	20.9668312072754	0.410687297582626	0
NOTE	158	22.9655265808105	0.608181533113061	0
NOTE	159	23.1893997192383	0.366741055109344	0
NOTE	160	23.541784286499	0.80944949388504	0.3517050
NOTE	161	22.7027854919434	0.356596499681473	0
NOTE	162	24.1006412506104	0.317600935697556	0
NOTE	163	24.2872047424316	0.605665683746338	0
NOTE	164	24.4691009521484	0.406913578510284	0.2057143
NOTE	165	24.9785079956055	0.165391936898232	0
NOTE	166	26.6857471466064	0.289926499128342	0
NOTE	167	28.965311050415	0.369175732135773	0.2057143
NOTE	168	29.5537109375	0.816997110843658	0
NOTE	169	31.276496887207	0.219482660293579	0
NOTE	170	31.5620288848877	0.727684378623962	0
NOTE	171	32.121711730957	0.713847279548645	0
NOTE	172	32.4411506652832	0.177219331264496	0
NOTE	173	37.8553504943848	0.788064777851105	0
NOTE	174	38.032585144043	0.179229080677032	0
NOTE	175	38.1989326477051	0.795612335205078	0
NOTE	176	38.5917358398438	0.376723319292068	0
NOTE	177	40.1077575683594	0.211935073137283	0
NOTE	178	40.2585585866656	0.813223302364349	0
NOTE	179	40.4015887669155	0.336469709873199	0
NOTE	180	40.7427941867283	0.599376022815704	0
NOTE	181	41.0148620605469	0.393076360225677	0
NOTE	182	42.3940658569336	0.410687357187271	0
NOTE	183	42.586311340332	0.81070739030838	0
NOTE	184	42.7868690490723	0.170423611998558	0
NOTE	185	43.2913131713867	0.586397111415863	0
NOTE	186	43.5462799072266	0.396850138902664	0
NOTE	187	43.7934722900391	0.598594427108765	0
NOTE	188	44.1318702697754	0.21948267519474	0
NOTE	189	44.3604049682617	0.798128187656403	0
NOTE	190	45.1106033325195	0.383012890815735	0
NOTE	191	44.9336929321289	0.591828525066376	0
NOTE	192	44.7297058105469	0.386786758899689	0
NOTE	193	45.574812909535	0.775485515594482	0
NOTE	194	46.0170745849609	0.652208864688873	0
NOTE	195	46.1787605285645	0.365401948519654	0
NOTE	196	46.3808670043945	0.651256224209178	0.2057143
NOTE	197	47.0006561279297	0.1616180986166	0
NOTE	198	47.1157019887652	0.816997096015655	0
NOTE	199	47.294490814209	0.289531999764847	0
NOTE	200	47.8113708496094	0.834608018398285	0
NOTE	201	48.2554817199707	0.644661300055072	0
NOTE	202	48.4746894836426	0.411156749385844	0
NOTE	203	48.7086230754852	0.721394777297974	0.2057143
NOTE	204	49.288516998291	0.215708881616592	0
NOTE	205	49.4823265075684	0.682399153709412	0
NOTE	206	49.668888092041	0.389302611351013	0
NOTE	207	49.8492279052734	0.627050399780273	0
NOTE	208	50.1671180725098	0.254867665114944	0
NOTE	209	50.4593925476074	0.815739149371375	0
NOTE	210	50.6288528442383	0.230804055929184	0
NOTE	211	51.8692436218262	0.179229140281677	0
NOTE	212	51.7412410276545	0.795612335205078	0
NOTE	213	51.5831832885742	0.268541783094406	0
NOTE	214	52.4739325659616	0.613213234198522	0
NOTE	215	52.7195739746094	0.395592153072357	0
NOTE	216	52.9068603515625	0.788064777851105	0
NOTE	217	53.2628860473633	0.798157155513763	0
NOTE	218	53.5701789855957	0.386786639690399	0
NOTE	219	53.0949783325195	0.150296807289124	0
NOTE	220	59.6078071594238	0.215708866715431	0
NOTE	221	59.8650588989258	0.804417848587036	0
NOTE	222	60.0998115539551	0.249672889709473	0
NOTE	223	60.6714096069336	0.540253639221191	0.2428778
NOTE	224	61.8764877319336	0.775485575199127	0
NOTE	225	62.1330087116786	0.179229110479355	0
NOTE	226	62.3631019592285	0.693720400333405	0
NOTE	227	64.1099319458008	0.803159892559052	0
NOTE	228	64.3478088378906	0.250930845737457	0
NOTE	229	65.5528793334961	0.34401723742485	0
NOTE	230	67.7990646362305	0.637318074703217	0
NOTE	231	69.2233505249023	0.272315472364426	0
NOTE	232	69.8303985595703	0.698752105236053	0
NOTE	233	70.1765747070313	0.349048972129822	0
NOTE	234	70.7214431762695	0.746553301811218	0
NOTE	235	89.7901229858398	0.228288173675537	0
NOTE	236	91.2540054321289	0.272315575146948	0
NOTE	237	105.276123046875	0.624534547328949	0
NOTE	238	107.270439147949	0.189292535185814	0
NOTE	239	107.575157165527	0.779259383678436	0
NOTE	240	107.83863067627	0.331437975168228	0
NOTE	241	1.24498558044434	0.754100859165192	0
NOTE	242	1.49476215839386	0.349049001932144	0
NOTE	243	1.80569732189178	0.659756481647491	0
NOTE	244	4.14589405059814	0.654724776744843	0
NOTE	245	4.39153242111206	0.331438064575195	0
NOTE	246	2.975017786026	0.583023071289063	0.3501506
NOTE	247	6.40110921859741	0.549059152603149	0.2057143
NOTE	248	7.84716176986694	0.603149831295013	0
NOTE	249	8.10679244995117	0.388044655323029	0
NOTE	250	8.88033008575439	0.110043197870255	0
NOTE	251	8.3845536163875	0.627050399780273	0
NOTE	252	10.6725597462126	0.107527457177639	0
NOTE	253	10.8076734542847	0.249253622444257	0
NOTE	254	12.672963142395	0.76039046049118	0
NOTE	255	12.83775806427	0.199355974793434	0
NOTE	256	13.0009994506836	0.751585006713867	0
NOTE	257	15.1530790328979	0.852218985557556	0
NOTE	258	15.3365325927734	0.422008633613586	0
NOTE	259	22.1548080444336	0.220740631222725	0
NOTE	260	26.9616546630859	0.574217557907104	0.2057143
NOTE	261	30.426908493042	0.445909202098846	0.2057143
NOTE	262	31.8294334411621	0.307537496089935	0
NOTE	263	50.9423713684082	0.525158524513245	0.2576301
NOTE	264	62.6825408935547	0.410687297582626	0
NOTE	265	63.2448073114668	0.366659939289093	0
NOTE	266	63.5106582641602	0.61824494600296	0
NOTE	267	65.4191808700562	0.66478818655014	0
NOTE	268	66.1431350708008	0.805675804615021	0
NOTE	269	66.664680480957	0.365402013063431	0
NOTE	270	68.3890223639352	0.136459648609161	0
NOTE	271	73.5513610839844	0.210677348666877	0
NOTE	272	73.8172149658203	0.694978415966034	0
NOTE	273	74.6608657836914	0.573498725891113	0
NOTE	274	75.7990951538086	0.795612275600433	0
NOTE	275	76.0820465087891	0.268541753292084	0
NOTE	276	76.9901885986328	0.375465452671051	0
NOTE	277	77.5366102627346	0.195582151412964	0
NOTE	278	78.1118392944336	0.203129678964615	0
NOTE	279	78.3958206176758	0.5000000	0.2057143
NOTE	280	79.1287994384766	0.823286831378937	0
NOTE	281	79.2935943603516	0.269282484492059	0
NOTE	282	79.8387603759766	0.595602333545685	0
NOTE	283	80.2856903076172	0.746553361415863	0
NOTE	284	80.4271621704102	0.206903502345085	0
NOTE	285	80.6790237426758	0.766680121421814	0
NOTE	286	81.2537231445313	0.611955344676971	0
NOTE	287	81.3827667236328	0.388044685125351	0
NOTE	288	81.5195770263672	0.632082104682922	0
NOTE	289	82.4168167114258	0.30439268052578	0
NOTE	290	82.9640659059797	0.113817036151886	0
NOTE	291	82.9640659059797	0.494968324899673	0
NOTE	292	83.527587890625	0.739005744457245	0
NOTE	293	84.1116180419922	0.923920750617981	0
NOTE	294	84.1116180419922	0.544027388095856	0
NOTE	295	84.6875839233398	0.281121015548706	0
NOTE	296	85.254508972168	0.111301187235641	0
NOTE	297	85.254508972168	0.467293947935104	0
NOTE	298	85.83203125	0.745924323797226	0
NOTE	299	86.3990020751953	0.544027388095856	0
NOTE	300	86.3990020751953	0.95285302400589	0
NOTE	301	86.977300289699	0.254704594612122	0
NOTE	302	87.5470504760742	0.0899164602160454	0
NOTE	303	87.5470504760742	0.447167160613913	0
NOTE	304	88.1077499389648	0.741521596908569	0
NOTE	305	88.6883773803711	0.90630978345871	0
NOTE	306	88.6883773803711	0.546543180942535	0
NOTE	307	89.2863998413086	0.240867619952105	0
NOTE	308	89.5133873667036	0.825802564620972	0
NOTE	309	90.1080017089844	0.61824494600296	0
NOTE	310	90.4080581665039	0.375465422868729	0
NOTE	311	90.6951446533203	0.774227619171143	0.2057143
NOTE	312	92.1411972045898	0.50125789642334	0.3159482
NOTE	313	92.6814041137695	0.214451059699059	0
NOTE	314	92.9254913330078	0.772969782352448	0
NOTE	315	93.1773452758789	0.228288218379021	0
NOTE	316	93.545280456543	0.600633978843689	0
NOTE	317	96.6847152709961	0.735231995582581	0
NOTE	318	97.5771560668945	0.628308296203613	0
NOTE	319	97.8212509155273	0.393076360225677	0
NOTE	320	99.2595291137695	0.399366021156311	0
NOTE	321	99.8386001586914	0.357854455709457	0.2057143
NOTE	322	100.428848266602	0.794354438781738	0
NOTE	323	102.083221435547	0.220740631222725	0
NOTE	324	102.707382202148	0.644661366939545	0
NOTE	325	103.541854858398	0.384270906448364	0
NOTE	326	104.383003704888	0.181744992733002	0
NOTE	327	104.955841064453	0.3553386926651	0
NOTE	328	105.527976989746	0.414461076259613	0
NOTE	329	106.412796020508	0.249672949314117	0
NOTE	330	106.677085876465	0.616986989974976	0
NOTE	331	109.814300537109	0.76416426897049	0
NOTE	332	110.38175201416	0.24841496348381	0
NOTE	333	110.960823059082	0.627050459384918	0
NOTE	334	111.530860900879	0.40439772605896	0
NOTE	335	112.108383178711	0.766680121421814	0
NOTE	336	112.679977416992	0.218224793672562	0
NOTE	337	113.243499755859	0.633340001106262	0
NOTE	338	113.829574584961	0.384270906448364	0
NOTE	339	114.360788345337	0.778001427650452	0
NOTE	340	114.960067749023	0.214451000094414	0
NOTE	341	115.520782470703	0.632082164287567	0
NOTE	342	116.109176635742	0.409429430961609	0
NOTE	343	116.677673339844	0.778001427650452	0
NOTE	344	117.258140563965	0.216966867446899	0
NOTE	345	117.819526672363	0.613213241100311	0
NOTE	346	118.38801574707	0.398108035326004	0
NOTE	347	118.968643188477	0.816997110843658	0
NOTE	348	119.538673400879	0.184260740876198	0
NOTE	349	120.111526489258	0.648435115814209	0
NOTE	350	120.694000244141	0.414461106061935	0
NOTE	351	121.252128601074	0.733974039554596	0
NOTE	352	121.821868896484	0.255962491035461	0
NOTE	353	122.393463134766	0.601891934871674	0
NOTE	354	122.952331542969	0.42829829454422	0
NOTE	355	123.548805236816	0.713847279548645	0.4465366
NOTE	356	124.620697021484	0.374207496643066	0.1777446
NOTE	357	125.797798156738	0.694978356361389	0.2057143
NOTE	358	126.954681396484	0.337727695703506	0.2057143
LINK 40 41
LINK 98 99 100
LINK 101 102 103
LINK 105 106 252 253
LINK 122 123 124
LINK 125 126 127
LINK 129 130 131
LINK 139 140 141
LINK 142 143 250
LINK 151 152 153
