VERSION 2
BPM 200
PAGE_SHIFT 0
PAGE_SIZE 1.2
NOTE	0	0.204616516828537	0.789627075195313	0
NOTE	1	0.431398183107376	0.143880143761635	0
NOTE	2	0.793695688247681	0.779397487640381	0.3600000
NOTE	3	2.05157089233398	0.22571736574173	0
NOTE	4	2.29771184921265	0.806250333786011	0
NOTE	5	2.68650770187378	0.629788756370544	0
NOTE	6	2.94202327728271	0.439261436462402	0
NOTE	7	3.21689867973328	0.251291513442993	0
NOTE	8	3.51174330711365	0.535164475440979	0
NOTE	9	3.85142922401428	0.247455388307571	0.5485710
NOTE	10	3.85142922401428	0.799856781959534	0.5485710
NOTE	11	4.98802328109741	0.735921382904053	0
NOTE	12	5.18822622299194	0.646411955356598	0
NOTE	13	5.50688362121582	0.166896849870682	0
NOTE	14	5.812180519104	0.308833330869675	0
NOTE	15	6.14802312850952	0.807529091835022	0
NOTE	16	6.4228982925415	0.62595272064209	0
NOTE	17	6.56563282012939	0.138765320181847	0
NOTE	18	6.79210996627808	0.304997205734253	0
NOTE	19	7.25527286529541	0.834381878376007	0
NOTE	20	7.56778907775879	0.224438697099686	0.6322113
NOTE	21	8.90586757659912	0.764052987098694	0.4941329
NOTE	22	10.1309614181519	0.258963733911514	0.6690386
NOTE	23	11.6587896347046	0.838218033313751	0
NOTE	24	11.9945087432861	0.565853416919708	0
NOTE	25	12.2378053665161	0.17073293030262	0
NOTE	26	12.5281963348389	0.478901296854019	0
NOTE	27	12.8268842697144	0.787069737911224	0
NOTE	28	13.2301797866821	0.239783197641373	0.4757894
NOTE	29	14.4967575073242	0.807529032230377	0
NOTE	30	14.8018986475013	0.575230612295773	0
NOTE	31	15.1070397876784	0.34293217159207	0
NOTE	32	15.4121810674667	0.110633730888367	0
NOTE	33	15.69655418396	0.807529032230377	0.7034465
NOTE	34	32.0894165039063	0.810086488723755	0
NOTE	35	32.3864135742188	0.464835584163666	0
NOTE	36	16.9714300990105	0.166896849870682	0
NOTE	37	17.2387739896976	0.389818118699032	0
NOTE	38	17.5061181545661	0.612739387527382	0
NOTE	39	17.7734622955322	0.835660636425018	0
NOTE	40	18.1739902496338	0.234668344259262	0.6260105
NOTE	41	21.8028507232666	0.153650507330894	0
NOTE	42	22.0941638946533	0.388506323099136	0
NOTE	43	22.38547706604	0.623362243175507	0
NOTE	44	22.6767902374268	0.85821807384491	0
NOTE	45	20.5573997497559	0.797299385070801	0.6426011
NOTE	46	19.3493041992188	0.820316135883331	0
NOTE	47	19.6406173706055	0.585460305213928	0
NOTE	48	20.2232437133789	0.115748569369316	0
NOTE	49	19.9319305419922	0.35060441493988	0
NOTE	50	23.1205711364746	0.274308204650879	0.3600000
NOTE	51	24.2212104797363	0.852283835411072	0
NOTE	52	24.535570154022	0.604214673125894	0
NOTE	53	24.8499298283076	0.356145488661602	0
NOTE	54	25.4320697784424	0.803692936897278	0.5679312
NOTE	55	25.1642894744873	0.108076304197311	0
NOTE	56	26.6394939422607	0.183520093560219	0
NOTE	57	26.82990026474	0.330571379512548	0
NOTE	58	27.0203065872192	0.477622665464878	0
NOTE	59	27.2107129096985	0.624673951417208	0
NOTE	60	27.4011192321777	0.771725237369537	0
NOTE	61	27.7950388729572	0.884251475334167	0
NOTE	62	27.9796604184005	0.888752532072381	0
NOTE	63	28.1642826135344	0.886502003703274	0
NOTE	64	28.3489048224237	0.891003060609165	0
NOTE	65	28.5335270038022	0.895504117012024	0
NOTE	66	28.7181491851807	0.893253588810595	0
NOTE	67	29.1694774627686	0.761495590209961	0
NOTE	68	29.385196685791	0.598247349262238	0
NOTE	69	29.6009159088135	0.434999078512192	0
NOTE	70	29.8166351318359	0.271750807762146	0
NOTE	71	30.3139624834061	0.161781921982765	0
NOTE	72	30.4642910026063	0.161781921982765	0
NOTE	73	30.6146190688112	0.161781921982765	0
NOTE	74	30.7649471462164	0.161781921982765	0
NOTE	75	30.915275201221	0.161781921982765	0
NOTE	76	31.0656040668488	0.161781921982765	0
NOTE	77	32.7067451477051	0.172011733055115	0
NOTE	78	33.037540435791	0.826709687709808	0
NOTE	79	33.3649635314941	0.459720760583878	0
NOTE	80	33.9346034288406	0.184798717498779	0
NOTE	81	34.2305258274078	0.640018403530121	0
NOTE	82	34.5513381958008	0.209094122052193	0
NOTE	83	34.8854942321777	0.822873532772064	0
NOTE	84	35.1814155578613	0.583755373954773	0
NOTE	85	35.7815589904785	0.379162222146988	0
NOTE	86	35.4939346313477	0.0876170247793198	0
NOTE	87	36.1161155700684	0.806250333786011	0.3600000
NOTE	88	37.0564308166504	0.255127668380737	0
NOTE	89	37.3684616088867	0.784512281417847	0
NOTE	90	37.6671485900879	0.251291543245316	0
NOTE	91	37.946475982666	0.725691854953766	0
NOTE	92	38.2506980895996	0.223159968852997	0
NOTE	93	38.5852584838867	0.770446538925171	0.3600000
NOTE	94	39.1328506469727	0.257685095071793	0.3600000
NOTE	95	40.1766967773438	0.852283835411072	0
NOTE	96	40.437744140625	0.684773206710815	0
NOTE	97	40.6987915039063	0.517262578010559	0
NOTE	98	41.0295104980469	0.25512757897377	0.5704912
NOTE	99	42.0329437255859	0.793463289737701	0
NOTE	100	42.2984466552734	0.255127668380737	0
NOTE	101	42.6220234394074	0.728249192237854	0
NOTE	102	42.8930549621582	0.219323813915253	0.3069450
NOTE	103	43.5290718078613	0.760216891765594	0.3600000
NOTE	104	44.5093054771423	0.141322672367096	0
NOTE	105	44.7537574768066	0.292210102081299	0
NOTE	106	44.9982109069824	0.443097531795502	0
NOTE	107	45.2985877990723	0.807528972625732	0
NOTE	108	45.707820892334	0.22827473282814	0
NOTE	109	46.0065116882324	0.652805507183075	0.5934902
NOTE	110	46.9784477710724	0.177126497030258	0
NOTE	111	47.1993942260742	0.312669426202774	0
NOTE	112	47.4590606689453	0.460999459028244	0
NOTE	113	47.8064498901367	0.781954884529114	0
NOTE	114	48.2090721130371	0.195028394460678	0
NOTE	115	48.4026660919189	0.347833886742592	0
NOTE	116	48.5962600708008	0.500639379024506	0
NOTE	117	48.9485702514648	0.790905892848969	0
NOTE	118	50.0128517150879	0.193749770522118	0
NOTE	119	49.6892738342285	0.721855700016022	0
NOTE	120	50.3253707885742	0.542836725711823	0
NOTE	121	50.6350402832031	0.827988386154175	0
NOTE	122	51.1079635620117	0.197585836052895	0.3600000
NOTE	123	52.2026672363281	0.81008642911911	0
NOTE	124	52.5234794616699	0.244897961616516	0
NOTE	125	52.8331489562988	0.746151030063629	0.5060087
NOTE	126	53.7485733032227	0.302439779043198	0
NOTE	127	54.0854949951172	0.784512341022491	0
NOTE	128	54.6718101501465	0.156667158007622	0
NOTE	129	54.9141082763672	0.856119871139526	0
NOTE	130	55.1723899841309	0.600378513336182	0
NOTE	131	55.8996658325195	0.366375148296356	0.3600000
NOTE	132	56.5186805725098	0.817758738994598	0
NOTE	133	57.1326522827148	0.134929120540619	0
NOTE	134	57.7714309692383	0.790905892848969	0
NOTE	135	58.020336151123	0.391949206590652	0
NOTE	136	58.3688087463379	0.819037437438965	0.3600000
NOTE	137	59.0210113525391	0.129814296960831	0.7845224
NOTE	138	60.2378082275391	0.812643885612488	0.3621942
NOTE	139	60.8987922668457	0.359981566667557	0
NOTE	140	62.0847587585449	0.150273591279984	0
NOTE	141	62.4010009765625	0.816479980945587	0
NOTE	142	62.7097129821777	0.422638237476349	0.6902896
NOTE	143	63.6899452209473	0.868906915187836	0
NOTE	144	63.9689750671387	0.75126588344574	0
NOTE	145	64.3337326049805	0.669428646564484	0
NOTE	146	64.6523895263672	0.596542358398438	0
NOTE	147	65.2441514730453	0.195028424263	0
NOTE	148	65.4886016845703	0.388113141059875	0
NOTE	149	65.7468872070313	0.161782070994377	0
NOTE	150	66.0982437133789	0.562017321586609	0
NOTE	151	66.4184417724609	0.712904751300812	0
NOTE	152	66.6811828613281	0.840775430202484	0
NOTE	153	67.0579147338867	0.609329462051392	0
NOTE	154	67.6645889282227	0.24489800632	0
NOTE	155	67.9853973388672	0.870185673236847	0
NOTE	156	68.2647323608398	0.278144359588623	0
NOTE	157	68.905876159668	0.619559109210968	0.3600000
NOTE	158	69.8560916721821	0.205258011817932	0
NOTE	159	70.0341644287109	0.409851104021072	0
NOTE	160	70.1569366455078	0.175847798585892	0
NOTE	161	70.3483657836914	0.412408441305161	0
NOTE	162	70.4849700927734	0.161781966686249	0
NOTE	163	70.6824035644531	0.375326037406921	0
NOTE	164	70.9988861083984	0.744872450828552	0.3600000
NOTE	165	71.6809158325195	0.184798747301102	0
NOTE	166	71.9309005737305	0.397064089775085	0
NOTE	167	72.2090682983398	0.804971635341644	0
NOTE	168	72.4839477539063	0.564574718475342	0
NOTE	169	72.8977127075195	0.168175533413887	0
NOTE	170	73.1062164306641	0.382998317480087	0
NOTE	171	73.4309997558594	0.843332767486572	0
NOTE	172	73.7722396850586	0.615722954273224	0
NOTE	173	74.064323425293	0.186077401041985	0
NOTE	174	74.3419647216797	0.444376289844513	0
NOTE	175	74.7114028930664	0.858677387237549	0
NOTE	176	74.975212097168	0.614444315433502	0
NOTE	177	75.247932434082	0.163060709834099	0
NOTE	178	75.5449371337891	0.501918017864227	0
NOTE	179	75.947151184082	0.894481122493744	0
NOTE	180	76.2635192871094	0.636182367801666	0
NOTE	181	76.5362396240234	0.200143203139305	0
NOTE	182	76.7989959716797	0.478901356458664	0
NOTE	183	77.1584243774414	0.845890283584595	0
NOTE	184	77.4637145996094	0.617001712322235	0
NOTE	185	77.7640838623047	0.189913615584373	0
NOTE	186	77.9698257446289	0.411129921674728	0
NOTE	187	78.352668762207	0.900874733924866	0
NOTE	188	78.627555847168	0.655362904071808	0
NOTE	189	79.6828765869141	0.857398629188538	0
NOTE	190	79.9743347167969	0.578640520572662	0
NOTE	191	78.9306945800781	0.170732885599136	0
NOTE	192	79.1502532958984	0.384277015924454	0
NOTE	193	80.4097442626953	0.128535687923431	0
NOTE	194	80.7592849731445	0.372768700122833	0
NOTE	195	81.1962661743164	0.831824421882629	0
NOTE	196	81.4866485595703	0.221881166100502	0
NOTE	197	81.8903579711914	0.60805070400238	0.7096453
NOTE	198	83.126106262207	0.2385044246912	0
NOTE	199	83.4579849243164	0.799856781959534	0
NOTE	200	83.7704925537109	0.266635954380035	0
NOTE	201	84.0248565673828	0.767889082431793	0
NOTE	202	84.3650207519531	0.472507804632187	0
NOTE	203	84.6775360107422	0.109354995191097	0
NOTE	204	84.9347428321838	0.78706967830658	0.2652572
NOTE	205	86.0698547363281	0.152831047773361	0
NOTE	206	86.297721862793	0.423916935920715	0
NOTE	207	86.5841751098633	0.848447620868683	0
NOTE	208	86.7954483032227	0.61700165271759	0
NOTE	209	87.1688079833984	0.18991357088089	0
NOTE	210	87.4730224609375	0.789627134799957	0
NOTE	211	87.8127212524414	0.344637125730515	0.3600000
NOTE	212	88.3520126342773	0.807528972625732	0
NOTE	213	88.686653137207	0.271750867366791	0
NOTE	214	89.1152496337891	0.730806648731232	0.6847540
NOTE	215	91.2386856079102	0.258963733911514	0
NOTE	216	91.4626998901367	0.81008642911911	0
NOTE	217	91.7752154946327	0.26663601398468	0.4247886
NOTE	218	93.0330874681473	0.78706967830658	0
NOTE	219	93.3621974468231	0.211651593446732	0
NOTE	220	93.8063125610352	0.831824481487274	0
NOTE	221	94.089485168457	0.550508916378021	0
NOTE	222	94.420280456543	0.187356188893318	0
NOTE	223	94.7864227294922	0.435425341129303	0
NOTE	224	96.1493072509766	0.812643826007843	0
NOTE	225	96.4286346435547	0.172011688351631	0
NOTE	226	96.7328491210938	0.45972067117691	0
NOTE	227	97.026008605957	0.175847768783569	0
NOTE	228	97.3867492675781	0.852283775806427	0
NOTE	229	97.6699142456055	0.641297101974487	0
NOTE	230	98.2341079711914	0.246176660060883	0
NOTE	231	98.6046142578125	0.775561392307281	0.7953898
NOTE	232	99.92333984375	0.255127638578415	0.6766642
LINK 5 6 7
LINK 11 12
LINK 13 14
LINK 15 16
LINK 17 18
LINK 23 24
LINK 34 35
LINK 56 57 58 59 60
LINK 61 62 63 64 65 66
LINK 67 68 69 70
LINK 71 72 73 74 75 76
LINK 78 79
LINK 95 96 97
LINK 104 105 106
LINK 110 111 112
LINK 114 115 116
LINK 129 130
LINK 143 144 145 146
LINK 147 148 149
LINK 150 151 152 153
LINK 158 159 160 161 162 163
LINK 165 166
LINK 167 168
LINK 169 170
LINK 171 172
LINK 173 174
LINK 175 176
LINK 177 178
LINK 179 180
LINK 181 182
LINK 183 184
LINK 185 186
LINK 187 188
LINK 189 190
LINK 191 192
LINK 193 194
LINK 205 206
LINK 207 208
LINK 220 221
LINK 222 223
LINK 228 229
