VERSION 2
BPM 220
PAGE_SHIFT 0
PAGE_SIZE 1.09090909090909
NOTE	0	4.00162696838379	0.270472139120102	0.3066968
NOTE	1	5.98482227325439	0.75126588344574	0.3272727
NOTE	2	7.95796155929565	0.230832189321518	0.3272727
NOTE	3	9.9411563873291	0.808807790279388	0.3272727
NOTE	4	12.0010004043579	0.241061791777611	0.3272727
NOTE	5	13.8375930786133	0.779397487640381	0.2562273
NOTE	6	15.8031892776489	0.276865690946579	0.3272727
NOTE	7	17.7838706970215	0.804971575737	0.3272727
NOTE	8	20.6319541931152	0.82798832654953	0
NOTE	9	20.2875080108643	0.18224124610424	0
NOTE	10	22.2329902648926	0.760216891765594	0
NOTE	11	22.6025791168213	0.230832189321518	0
NOTE	12	24.1759567260742	0.234668284654617	0
NOTE	13	24.5732040405273	0.819037318229675	0
NOTE	14	26.149169921875	0.214209020137787	0
NOTE	15	26.5337734222412	0.751265943050385	0
NOTE	16	27.6370658874512	0.260242462158203	0.3272727
NOTE	17	27.6370658874512	0.773003995418549	0.3272727
NOTE	18	29.5951205208798	0.232110887765884	0.3272727
NOTE	19	29.5951205208798	0.77811872959137	0.3272727
NOTE	20	29.0927219390869	0.487852305173874	0
NOTE	21	31.0532894134521	0.473147168755531	0
NOTE	22	31.5561315363104	0.169454246759415	0
NOTE	23	31.5536173473705	0.776840090751648	0
NOTE	24	33.0440292358398	0.501918077468872	0
NOTE	25	33.5242385864258	0.246176660060883	0.2939419
NOTE	26	33.5242385864258	0.757659494876862	0.2763425
NOTE	27	34.8714179992676	0.51342648267746	0
NOTE	28	35.2585296630859	0.225717350840569	0.3272727
NOTE	29	35.2585296630859	0.74742978811264	0.3272727
NOTE	30	36.0173759460449	0.764053046703339	0
NOTE	31	36.9702644348145	0.48913100361824	0
NOTE	32	37.4680061340332	0.251291513442993	0.3272727
NOTE	33	37.4680061340332	0.761495590209961	0.3272727
NOTE	34	38.9408912658691	0.446933686733246	0
NOTE	35	39.4512003713391	0.214208916061686	0.3272727
NOTE	36	39.4512003713391	0.761495590209961	0.3272727
NOTE	37	38.0689010620117	0.555623829364777	0
NOTE	38	40.1250083663247	0.501918077468872	0
NOTE	39	40.9240837097168	0.505754202604294	0
NOTE	40	41.3816695516716	0.267914712429047	0
NOTE	41	41.3816695516716	0.743593692779541	0
NOTE	42	41.8919837908311	0.18351998925209	0
NOTE	43	42.2540299242193	0.774282693862915	0
NOTE	44	42.9097950458527	0.476343959569931	0
NOTE	45	43.1335601806641	0.226996064186096	0.3272727
NOTE	46	43.1335601806641	0.725691854953766	0.3272727
NOTE	47	43.8902626037598	0.518541276454926	0
NOTE	48	44.8477363586426	0.526213467121124	0
NOTE	49	45.3304672241211	0.301161080598831	0.3058978
NOTE	50	45.3304672241211	0.76533168554306	0.3058978
NOTE	51	46.7836036682129	0.496803224086761	0
NOTE	52	47.2935447692871	0.247455447055756	0.3272727
NOTE	53	47.2935447692871	0.798578023910522	0.3272727
NOTE	54	48.7894248962402	0.48401615023613	0
NOTE	55	49.2616577148438	0.23083221912384	0.3272727
NOTE	56	49.2616577148438	0.779397540022295	0.3272727
NOTE	57	50.7424507141113	0.499360628426075	0
NOTE	58	50.9938735961914	0.221881225705147	0.2687975
NOTE	59	50.9938735961914	0.776840044283738	0.2662832
NOTE	60	51.7426643371582	0.627231359481812	0
NOTE	61	52.2178497314453	0.172011598944664	0
NOTE	62	52.6376533508301	0.329292625188828	0.3272727
NOTE	63	52.6376533508301	0.705232501029968	0.3272727
NOTE	64	53.6152381896973	0.794741988182068	0
NOTE	65	54.1759071350098	0.491688430309296	0
NOTE	66	54.7314720153809	0.239783074746327	0.3272727
NOTE	67	54.7314720153809	0.767889142036438	0.3272727
NOTE	68	55.7291684800928	0.801135540008545	0
NOTE	69	56.1691551208496	0.463556915521622	0
NOTE	70	56.8831214904785	0.224438690759019	0.3272727
NOTE	71	56.8831214904785	0.749987185001373	0.3272727
NOTE	72	57.6373831142079	0.206536769866943	0
NOTE	73	58.0366973876953	0.514705121517181	0
NOTE	74	58.4792022705078	0.244615852832794	0.3272727
NOTE	75	58.4792022705078	0.762774232334699	0.3272727
NOTE	76	59.2826919555664	0.840775430202484	0
NOTE	77	59.4621810913086	0.741803502975221	0
NOTE	78	59.5788116455078	0.642831575747959	0
NOTE	79	59.7075958251953	0.543859633772729	0
NOTE	80	59.8292579650879	0.444887699171483	0
NOTE	81	59.9484024047852	0.345915765183019	0
NOTE	82	60.366853334687	0.201421946287155	0.5422410
NOTE	83	61.3614273206096	0.172011688351631	0
NOTE	84	61.512354234771	0.282491962440284	0
NOTE	85	61.6410766028595	0.39297225378712	0
NOTE	86	61.7832126173522	0.503452545133955	0
NOTE	87	61.8980623399092	0.613932836480791	0
NOTE	88	62.0573127341012	0.724413093311261	0
NOTE	89	62.4455909729004	0.851005077362061	0.6453201
NOTE	90	63.4527320861816	0.75638073682785	0
NOTE	91	63.6065864562988	0.655107140541077	0
NOTE	92	63.7546768188477	0.553833603858948	0
NOTE	93	63.9195861816406	0.452559977769852	0
NOTE	94	64.0960235595703	0.3512864112854	0
NOTE	95	64.2514877319336	0.250012814998627	0
NOTE	96	64.632438659668	0.198864534497261	0.6402906
NOTE	97	65.5274200439453	0.842054128646851	0
NOTE	98	65.992546081543	0.494245797395706	0
NOTE	99	66.4275131225586	0.808807790279388	0
NOTE	100	66.7438583374023	0.397064059972763	0.7106892
NOTE	101	68.1969985961914	0.862513422966003	0
NOTE	102	68.5540161132813	0.614444255828857	0
NOTE	103	68.807502746582	0.230832189321518	0.6470448
NOTE	104	70.1223667534915	0.210372895002365	0
NOTE	105	70.4869270758195	0.783233642578125	0
NOTE	106	70.8062316070903	0.22827473282814	0
NOTE	107	72.1508160937916	0.801135540008545	0
NOTE	108	72.4852058887482	0.515983879566193	0
NOTE	109	72.8422241210938	0.793463289737701	0
NOTE	110	73.8223266601563	0.252570271492004	0
NOTE	111	74.3376617431641	0.81008642911911	0
NOTE	112	74.8379958326166	0.248734086751938	0.3272727
NOTE	113	76.0619735717773	0.852283835411072	0
NOTE	114	76.4390258789063	0.232110947370529	0
NOTE	115	76.7809600830078	0.541558027267456	0.3272727
NOTE	116	78.0250473022461	0.225717306137085	0
NOTE	117	78.449951171875	0.815201342105865	0
NOTE	118	78.7666702270508	0.416244745254517	0.5060594
NOTE	119	79.9805908203125	0.82798832654953	0
NOTE	120	80.3652672334151	0.250012755393982	0.3272727
NOTE	121	81.2024154663086	0.811365127563477	0
NOTE	122	81.6750946044922	0.202700674533844	0
NOTE	123	82.1850357055664	0.673264861106873	0
NOTE	124	82.6074295043945	0.317784279584885	0.3016614
NOTE	125	83.2032241821289	0.746151030063629	0
NOTE	126	83.6884641647339	0.201421946287155	0
NOTE	127	84.2310860265385	0.749987244606018	0
NOTE	128	84.6710662841797	0.166896805167198	0
NOTE	129	85.6716537475586	0.417523443698883	0
NOTE	130	86.1493530273438	0.833103179931641	0
NOTE	131	85.17635846138	0.724413096904755	0
NOTE	132	86.6039886474609	0.157945990562439	0
NOTE	133	87.114372253418	0.827988386154175	0
NOTE	134	87.6196517944336	0.357424199581146	0
NOTE	135	88.069694519043	0.79218453168869	0
NOTE	136	88.5846710205078	0.252570271492004	0
NOTE	137	89.0296783447266	0.655362904071808	0
NOTE	138	89.5500551137057	0.267914712429047	0
NOTE	139	90.0352935791016	0.889366269111633	0
NOTE	140	90.5955200195313	0.255127638578415	0
NOTE	141	91.0908126831055	0.617001712322235	0
NOTE	142	91.5257797241211	0.223159968852997	0
NOTE	143	91.9983825683594	0.865070819854736	0
NOTE	144	92.5188217163086	0.186077445745468	0
NOTE	145	93.0765228271484	0.798578083515167	0
NOTE	146	93.5341119766235	0.243619322776794	0
NOTE	147	94.0192841616544	0.765331745147705	0
NOTE	148	94.5221252441406	0.150273755192757	0
NOTE	149	95.0446395874023	0.726970493793488	0
NOTE	150	95.472053527832	0.368932545185089	0
NOTE	151	95.9824419455095	0.775561332702637	0
NOTE	152	96.4625778198242	0.157945886254311	0
NOTE	153	96.9779891967773	0.752544641494751	0
NOTE	154	97.4250793457031	0.280701756477356	0
NOTE	155	97.9430084228516	0.793463230133057	0
NOTE	156	98.4860076904297	0.317784279584885	0.6049044
NOTE	157	100.494346618652	0.761495590209961	0.5965655
NOTE	158	102.546455383301	0.27942305803299	0.7262750
NOTE	159	104.27978515625	0.785791039466858	0.4474876
NOTE	160	106.305725097656	0.288374006748199	0.4215509
NOTE	161	108.304000854492	0.779397487640381	0.6050934
NOTE	162	110.26456451416	0.293488770723343	0.8263479
NOTE	163	112.364639282227	0.794741988182068	0.7262732
LINK 76 77 78 79 80 81
LINK 83 84 85 86 87 88
LINK 90 91 92 93 94 95
