VERSION 2
BPM 240
PAGE_SHIFT 0
PAGE_SIZE 1
NOTE	0	0.159456327557564	0.318858802318573	0
NOTE	1	0.361240208148956	0.819512903690338	0
NOTE	2	0.558489680290222	0.147781014442444	0
NOTE	3	0.77614426612854	0.692462563514709	0
NOTE	4	1.35535538196564	0.455972671508789	0.3000000
NOTE	5	3.35762286186218	0.190550372004509	0
NOTE	6	3.55940675735474	0.820770859718323	0
NOTE	7	3.75212168693542	0.189292550086975	0
NOTE	8	3.95818996429443	0.707557678222656	0
NOTE	9	4.55848932266235	0.474841475486755	0.3000000
NOTE	10	5.07195091247559	0.886182844638824	0
NOTE	11	5.2623987197876	0.0999799072742462	0
NOTE	12	5.45738124847412	0.876119494438171	0
NOTE	13	5.68183755874634	0.115074992179871	0
NOTE	14	5.89269018173218	0.814481258392334	0
NOTE	15	6.13678359985352	0.336469769477844	0
NOTE	16	6.32269716262817	0.659756481647491	0
NOTE	17	6.56302404403687	0.335211783647537	0
NOTE	18	6.78294563293457	0.647177159786224	0
NOTE	19	6.96952629089355	0.232061922550201	0
NOTE	20	7.16264009475708	0.78680682182312	0.3000000
NOTE	21	7.73625087738037	0.260994255542755	0.2637491
NOTE	22	8.34763622283936	0.131427928805351	0
NOTE	23	8.5562219619751	0.137717619538307	0
NOTE	24	8.95298767089844	0.287410736083984	0
NOTE	25	8.77841186523438	0.174197435379028	0
NOTE	26	9.15583896636963	0.616986989974976	0
NOTE	27	9.35762214660645	0.751585006713867	0
NOTE	28	9.58661270141602	0.862282335758209	0
NOTE	29	9.75892353057861	0.741521656513214	0
NOTE	30	9.96070671081543	0.604407727718353	0
NOTE	31	10.1458520889282	0.205645501613617	0
NOTE	32	10.3612403869629	0.46603599190712	0.3000000
NOTE	33	11.0010004043579	0.676109492778778	0.3000000
NOTE	34	11.5730094909668	0.11759077757597	0
NOTE	35	11.7611894607544	0.886182963848114	0
NOTE	36	11.974310874939	0.216966778039932	0
NOTE	37	12.1685247421265	0.610697388648987	0
NOTE	38	12.3567047119141	0.305021613836288	0
NOTE	39	12.5652904510498	0.64340341091156	0
NOTE	40	12.7512044906616	0.369175851345062	0
NOTE	41	13.0010004043579	0.847187280654907	0
NOTE	42	13.1671762466431	0.136459708213806	0
NOTE	43	13.3689594268799	0.832092225551605	0
NOTE	44	13.5662088394165	0.123880378901958	0
NOTE	45	13.9720439910889	0.154070571064949	0
NOTE	46	13.7611904144287	0.795612394809723	0
NOTE	47	14.1639909744263	0.624534606933594	0
NOTE	48	14.3612403869629	0.336469769477844	0
NOTE	49	14.5652914047241	0.658498466014862	0
NOTE	50	14.7602729797363	0.299989879131317	0
NOTE	51	14.9575233459473	0.583023011684418	0
NOTE	52	15.1671743392944	0.107527397572994	0
NOTE	53	15.3689594268799	0.862282395362854	0
NOTE	54	15.5684757232666	0.141491338610649	0
NOTE	55	15.7543897628784	0.845929324626923	0
NOTE	56	15.9516382217407	0.16539192199707	0
NOTE	57	16.1617240905762	0.776743531227112	0
NOTE	58	16.3635082244873	0.579249262809753	0
NOTE	59	16.5630264282227	0.781775176525116	0
NOTE	60	16.7534732818604	0.591828465461731	0
NOTE	61	16.9484558105469	0.776743531227112	0
NOTE	62	17.1626396179199	0.0773372277617455	0
NOTE	63	17.3644237518311	0.313827067613602	0
NOTE	64	17.5616722106934	0.0936901792883873	0
NOTE	65	17.7521209716797	0.307537466287613	0
NOTE	66	17.9561710357666	0.0962060913443565	0
NOTE	67	18.1639919281006	0.815739095211029	0
NOTE	68	18.3567047119141	0.583023011684418	0
NOTE	69	18.563024520874	0.815739214420319	0
NOTE	70	18.7693424224854	0.604407787322998	0
NOTE	71	18.9688587188721	0.8081915974617	0
NOTE	72	19.1603717803955	0.357854455709457	0
NOTE	73	19.3621597290039	0.240867421030998	0
NOTE	74	19.5480690002441	0.110043197870255	0
NOTE	75	19.7566566467285	0.230804100632668	0
NOTE	76	20.148120880127	0.591828525066376	0
NOTE	77	19.9471054077148	0.372949570417404	0
NOTE	78	20.3521709442139	0.701268017292023	0
NOTE	79	20.5471534729004	0.795612394809723	0
NOTE	80	20.7580070495605	0.703783810138702	0
NOTE	81	20.9461879730225	0.583023011684418	0
NOTE	82	21.1603736877441	0.361628234386444	0
NOTE	83	21.3644256591797	0.23835152387619	0
NOTE	84	21.5639400482178	0.181744992733002	0
NOTE	85	21.7589225769043	0.257220476865768	0
NOTE	86	21.9448356628418	0.34653314948082	0
NOTE	87	22.1617221832275	0.564154088497162	0
NOTE	88	22.3431015014648	0.663530230522156	0
NOTE	89	22.5584888458252	0.677367389202118	0
NOTE	90	22.7829437255859	0.611955285072327	0
NOTE	91	22.9643249511719	0.506289720535278	0
NOTE	92	23.1649074554443	0.325148403644562	0
NOTE	93	23.3553562164307	0.244641184806824	0
NOTE	94	23.577543258667	0.172939494252205	0
NOTE	95	23.7611904144287	0.235835716128349	0
NOTE	96	23.9652404785156	0.350306957960129	0
NOTE	97	24.1685256958008	0.589312613010406	0
NOTE	98	24.3680419921875	0.671077787876129	0
NOTE	99	24.572093963623	0.6886887550354	0
NOTE	100	24.7625408172607	0.611955344676971	0
NOTE	101	24.9507217407227	0.505031704902649	0
NOTE	102	25.1467697322369	0.367917895317078	0
NOTE	103	25.3372175097466	0.250930845737457	0
NOTE	104	25.5503376126289	0.277347266674042	0
NOTE	105	26.1937141418457	0.744037449359894	0
NOTE	106	25.7632064819336	0.408171385526657	0
NOTE	107	25.9924488067627	0.579249262809753	0
NOTE	108	26.3657741546631	0.138975486159325	0
NOTE	109	26.7693424224854	0.871087908744812	0
NOTE	110	27.2011833190918	0.32137468457222	0
NOTE	111	27.5639419555664	0.663530230522156	0
NOTE	112	27.942569732666	0.374207556247711	0
NOTE	113	28.3544387817383	0.500000059604645	0.4788946
NOTE	114	29.0009994506836	0.125138372182846	0
NOTE	115	29.1762447357178	0.888698816299438	0
NOTE	116	29.3848304748535	0.138975441455841	0
NOTE	117	29.5548725128174	0.857250690460205	0
NOTE	118	29.9539051055908	0.220740646123886	0
NOTE	119	30.18212890625	0.673593640327454	0
NOTE	120	30.3952484130859	0.305021584033966	0
NOTE	121	30.7670745849609	0.599376082420349	0
NOTE	122	31.1626396179199	0.245899111032486	0
NOTE	123	31.5594062805176	0.701268017292023	0.3000000
NOTE	124	32.18212890625	0.232061982154846	0
NOTE	125	32.3589706420898	0.815739214420319	0
NOTE	126	32.5902290344238	0.17797115445137	0
NOTE	127	32.7806816101074	0.767938017845154	0
NOTE	128	33.1717071533203	0.321374624967575	0
NOTE	129	33.5412673950195	0.6886887550354	0
NOTE	130	33.9380378723145	0.330180108547211	0
NOTE	131	34.3431015014648	0.491194516420364	0
NOTE	132	34.7625389099121	0.491194516420364	0
NOTE	133	35.3666915893555	0.159102275967598	0
NOTE	134	35.5435371398926	0.820770859718323	0
NOTE	135	35.7657279968262	0.184260785579681	0
NOTE	136	35.958438873291	0.842155575752258	0
NOTE	137	36.3544387817383	0.346533119678497	0
NOTE	138	36.5811614990234	0.684914946556091	0
NOTE	139	36.7648048400879	0.3113112449646	0
NOTE	140	37.1717071533203	0.5000000	0
NOTE	141	37.5503387451172	0.502515852451324	0
NOTE	142	37.9652404785156	0.502515852451324	0
NOTE	143	38.5448875427246	0.416977018117905	0
NOTE	144	38.7648086547852	0.107527397572994	0
NOTE	145	38.9529876708984	0.425782412290573	0
NOTE	146	39.554874420166	0.85725063085556	0
NOTE	147	39.9516372680664	0.637113869190216	0
NOTE	148	39.1626358032227	0.614471137523651	0
NOTE	149	40.3499031066895	0.201871708035469	0
NOTE	150	40.7444038391113	0.375465393066406	0
NOTE	151	41.1513023376465	0.756616711616516	0.3000000
NOTE	152	41.7543907165527	0.147780984640121	0
NOTE	153	42.0009994506836	0.833350121974945	0
NOTE	154	42.1571884155273	0.32263258099556	0
NOTE	155	42.3567085266113	0.540253698825836	0
NOTE	156	42.7353324890137	0.355338722467422	0
NOTE	157	42.9484558105469	0.591828584671021	0
NOTE	158	43.1513061523438	0.174197509884834	0
NOTE	159	43.5503349304199	0.813223361968994	0
NOTE	160	43.9380340576172	0.266026020050049	0
NOTE	161	44.3317680358887	0.302505791187286	0.3000000
NOTE	162	44.3317680358887	0.696236297891275	0.3000000
NOTE	163	45.0009994506836	0.258478462696075	0
NOTE	164	45.1558380126953	0.884925067424774	0
NOTE	165	45.3576240539551	0.107527375221252	0
NOTE	166	45.552604675293	0.85976654291153	0
NOTE	167	46.0009994506836	0.364144057035446	0
NOTE	168	46.3521728515625	0.598118185997009	0
NOTE	169	46.7580032348633	0.374207526445389	0
NOTE	170	47.1603736877441	0.583023071289063	0
NOTE	171	47.5503387451172	0.4182348549366	0.3000000
NOTE	172	48.148120880127	0.172939509153366	0
NOTE	173	48.3567047119141	0.858508586883545	0
NOTE	174	48.5562210083008	0.14023345708847	0
NOTE	175	48.7489395141602	0.827060520648956	0
NOTE	176	49.1671752929688	0.318858802318573	0
NOTE	177	49.3440170288086	0.687430799007416	0
NOTE	178	49.5458030700684	0.350306928157806	0
NOTE	179	49.9607086181641	0.604407787322998	0
NOTE	180	50.3635063171387	0.245899170637131	0
NOTE	181	50.7398681640625	0.703783869743347	0.2397264
NOTE	182	51.3508224487305	0.155328571796417	0
NOTE	183	51.5979499816895	0.854734838008881	0
NOTE	184	51.7589225769043	0.171681597828865	0
NOTE	185	51.9493713378906	0.806933641433716	0
NOTE	186	52.3453712463379	0.372949570417404	0
NOTE	187	52.7421340942383	0.643403470516205	0
NOTE	188	53.1535682678223	0.333953857421875	0
NOTE	189	53.5503349304199	0.639629662036896	0
NOTE	190	53.9403038024902	0.350306928157806	0
NOTE	191	54.5380859375	0.176713243126869	0
NOTE	192	54.7580070495605	0.810707449913025	0
NOTE	193	55.0009994506836	0.317600905895233	0
NOTE	194	55.1785125732422	0.585538923740387	0
NOTE	195	55.5548706054688	0.366659939289093	0
NOTE	196	55.7498550415039	0.591828465461731	0
NOTE	197	55.9516372680664	0.405655652284622	0
NOTE	198	56.3294982910156	0.188034579157829	0
NOTE	199	56.7285346984863	0.700010061264038	0
NOTE	200	57.1513023376465	0.338985592126846	0.3486977
NOTE	201	57.7407836914063	0.54780113697052	0
NOTE	202	58.1526565551758	0.814481258392334	0
NOTE	203	58.3703079223633	0.191808387637138	0
NOTE	204	58.7648086547852	0.73648989200592	0
NOTE	205	59.1513023376465	0.33395391702652	0
NOTE	206	59.5503387451172	0.668561935424805	0
NOTE	207	59.9471015930176	0.327664256095886	0
NOTE	208	57.9990005493164	0.271057665348053	0
NOTE	209	60.3499031066895	0.4874207675457	0.3000000
NOTE	210	60.9507213830948	0.160360217094421	0
NOTE	211	61.1717109680176	0.83209216594696	0
NOTE	212	61.3871002197266	0.179229199886322	0
NOTE	213	61.5548706054688	0.818255007266998	0
NOTE	214	61.942569732666	0.228288128972054	0
NOTE	215	62.1617240905762	0.639629662036896	0
NOTE	216	62.3589744567871	0.325148433446884	0
NOTE	217	62.7375984191895	0.589312672615051	0
NOTE	218	63.1581039428711	0.294958263635635	0
NOTE	219	63.5458030700684	0.498742073774338	0.3000000
NOTE	220	64.1526565551758	0.122622467577457	0
NOTE	221	64.4020462036133	0.306279540061951	0
NOTE	222	64.5358123779297	0.121364571154118	0
NOTE	223	64.755744934082	0.311311304569244	0
NOTE	224	65.1513061523438	0.840897619724274	0
NOTE	225	65.3485565185547	0.528932213783264	0
NOTE	226	65.5503387451172	0.781775236129761	0
NOTE	227	65.7702560424805	0.590570628643036	0
NOTE	228	66.0009994506836	0.161618143320084	0
NOTE	229	66.166259765625	0.403139740228653	0
NOTE	230	66.3680419921875	0.128912165760994	0
NOTE	231	66.7376022338867	0.386786699295044	0
NOTE	232	76.3544387817383	0.281121075153351	0.4788946
NOTE	233	67.3508148193359	0.843413531780243	0
NOTE	234	67.5730056762695	0.572959661483765	0
NOTE	235	67.743049621582	0.804417848587036	0
NOTE	236	67.9652404785156	0.625792503356934	0
NOTE	237	68.1503829956055	0.147780984640121	0
NOTE	238	68.3635101318359	0.390560537576675	0
NOTE	239	68.5380859375	0.123880378901958	0
NOTE	240	68.7648080587387	0.386786758899689	0
NOTE	241	69.1422348022461	0.83586597442627	0
NOTE	242	69.355354309082	0.57044380903244	0
NOTE	243	69.5571441650391	0.83586597442627	0
NOTE	244	69.9584350585938	0.611955285072327	0
NOTE	245	70.5448837280273	0.110043294727802	0
NOTE	246	70.7670745849609	0.26351010799408	0
NOTE	247	70.9620590209961	0.445909261703491	0
NOTE	248	71.164909362793	0.625792562961578	0
NOTE	249	71.3530807495117	0.756616711616516	0
NOTE	250	71.5435333251953	0.877377450466156	0
NOTE	251	71.7453231811523	0.71258932352066	0
NOTE	252	71.9516448974609	0.541511535644531	0
NOTE	253	72.1481170654297	0.331438064575195	0
NOTE	254	72.368034362793	0.179229035973549	0
NOTE	255	72.5924987792969	0.266025990247726	0
NOTE	256	72.7602767944336	0.403139770030975	0
NOTE	257	73.1513061523438	0.73648989200592	0.3000000
NOTE	258	73.7566528320313	0.775485575199127	0
NOTE	259	73.9629745483398	0.562896251678467	0
NOTE	260	74.1481170654297	0.357854425907135	0
NOTE	261	74.3544387817383	0.183002904057503	0
NOTE	262	74.5562210083008	0.102495677769184	0
NOTE	263	74.7648086547852	0.250930815935135	0
NOTE	264	74.952995300293	0.422008633613586	0
NOTE	265	75.1626434326172	0.64340341091156	0
NOTE	266	75.3598861694336	0.818255066871643	0
NOTE	267	75.5616760253906	0.731458187103271	0
NOTE	268	75.7498550415039	0.605665683746338	0
NOTE	269	75.9516372680664	0.458488464355469	0
