VERSION 2
BPM 184
PAGE_SHIFT 0.800000011920929
PAGE_SIZE 1.30434782608696
NOTE	0	0.809801518917084	0.344786256551743	0
NOTE	1	1.11249673366547	0.716946542263031	0
NOTE	2	1.50863838195801	0.210738018155098	0
NOTE	3	1.74913609027863	0.849230945110321	0.5334727
NOTE	4	2.33794093132019	0.761041402816772	0
NOTE	5	2.9955530166626	0.22308461368084	0
NOTE	6	3.13653469085693	0.614646553993225	0.3913044
NOTE	7	3.53045296669006	0.270706981420517	0
NOTE	8	3.75851130485535	0.709891378879547	0
NOTE	9	4.09660148620605	0.247777655720711	0
NOTE	10	4.45320144425268	0.390644878149033	0.3913044
NOTE	11	5.15810836398083	0.485889703035355	0
NOTE	12	5.52131861966589	0.734584450721741	0
NOTE	13	5.62498141112535	0.22661218047142	0
NOTE	14	6.09768390655518	0.616410374641418	0
NOTE	15	6.30500920959141	0.334203541278839	0
NOTE	16	6.58090162277222	0.720474064350128	0
NOTE	17	6.85871838486713	0.196627706289291	0
NOTE	18	7.11994886398315	0.588189661502838	0.3913044
NOTE	19	7.47240209579468	0.224848389625549	0
NOTE	20	7.7626576423645	0.443558663129807	0
NOTE	21	8.09269523620605	0.24248631298542	0
NOTE	22	8.32490012956702	0.686962068080902	0.8055347
NOTE	23	9.02566051483154	0.434739738702774	0
NOTE	24	9.28082084655762	0.196627676486969	0
NOTE	25	9.77840222742246	0.314801812171936	0.6563804
NOTE	26	10.0750579833984	0.547622442245483	0
NOTE	27	10.332142829895	0.588189661502838	0
NOTE	28	10.5916051864624	0.635812044143677	0
NOTE	29	10.8796911239624	0.205446630716324	0
NOTE	30	10.869421005249	0.695781052112579	0
NOTE	31	11.1973257064819	0.32185697555542	0
NOTE	32	11.3383073806763	0.470015555620193	0
NOTE	33	11.4958753585815	0.321856945753098	0
NOTE	34	11.661735534668	0.466487973928452	0
NOTE	35	11.8193026470101	0.320093184709549	0
NOTE	36	12.0432143107705	0.402991443872452	0
NOTE	37	12.0432143107705	0.577606916427612	0
NOTE	38	12.4395961761475	0.77515172958374	0
NOTE	39	12.4520359039307	0.23013973236084	1.0999360
NOTE	40	13.0035209655762	0.565260350704193	0
NOTE	41	13.2523126602173	0.68343448638916	0
NOTE	42	13.5655243319014	0.854522347450256	1.2866500
NOTE	43	14.3823871612549	0.542331039905548	0
NOTE	44	14.5814199447632	0.394172489643097	0
NOTE	45	14.8658461337504	0.219556987285614	1.2906760
NOTE	46	15.4670915603638	0.494708657264709	0
NOTE	47	15.657829284668	0.646394848823547	0
NOTE	48	15.8568620681763	0.79808098077774	0
NOTE	49	16.7298527800519	0.364187985658646	0
NOTE	50	17.053280695625	0.702836155891418	0
NOTE	51	17.5947909121928	0.214265614748001	0
NOTE	52	17.8311420782753	0.387117296457291	0
NOTE	53	18.0467606238697	0.593481063842773	0.3913044
NOTE	54	18.7704767196075	0.231903553009033	0.6469155
NOTE	55	19.4753836393356	0.454141438007355	0
NOTE	56	19.736613848935	0.642867267131805	0
NOTE	57	20.0790916007498	0.216029435396194	1.2948210
NOTE	58	21.5016751367113	0.452377617359161	0
NOTE	59	21.6777229309082	0.533512115478516	0
NOTE	60	21.8205947875977	0.600536167621613	0
NOTE	61	21.9743747711182	0.674615502357483	0
NOTE	62	22.1172523498535	0.739875853061676	0
NOTE	63	22.2684192657471	0.810427606105804	0
NOTE	64	22.2333540398142	0.390644878149033	0
NOTE	65	22.5028772509616	0.274234563112259	0
NOTE	66	22.8453540802002	0.470015525817871	0
NOTE	67	23.2226855988088	0.272470772266388	0
NOTE	68	23.4341564178467	0.408282816410065	0
NOTE	69	23.7244134363921	0.293636292219162	0
NOTE	70	24.2325109476629	0.38535350561142	0
NOTE	71	24.3817853642547	0.533512115478516	0
NOTE	72	24.6347225723059	0.383589714765549	0.6522340
NOTE	73	25.3752653702446	0.214265614748001	1.2160390
NOTE	74	27.5626998932465	0.658741354942322	0
NOTE	75	27.8197835631993	0.313037991523743	0
NOTE	76	28.0793310274249	0.510582804679871	0.4684975
NOTE	77	28.622524028239	0.350077629089355	0
NOTE	78	28.829849611158	0.662268996238709	0
NOTE	79	29.2094052874524	0.330675929784775	0.9688569
NOTE	80	30.1631028755851	0.503527641296387	0
NOTE	81	30.3040842906288	0.656977593898773	0
NOTE	82	30.6631479677947	0.30421906709671	0.8194618
NOTE	83	31.4302525934966	0.470015555620193	0
NOTE	84	31.6044060147327	0.61993795633316	0
NOTE	85	31.9964012322219	0.249541491270065	0.7905557
NOTE	86	32.7178941550462	0.441794872283936	0
NOTE	87	32.8713151112847	0.61993795633316	0
NOTE	88	33.6533241271973	0.350077658891678	0
NOTE	89	33.8357696533203	0.561732828617096	0
NOTE	90	34.130171827648	0.743403434753418	0
NOTE	91	34.296032247336	0.374770760536194	0
NOTE	92	34.8746223449707	0.193100139498711	0
NOTE	93	35.2809791564941	0.531748294830322	0
NOTE	94	35.4800110951714	0.745167255401611	0
NOTE	95	35.8059027272722	0.249541491270065	1.2201840
NOTE	96	37.5850868225098	0.448850095272064	0
NOTE	97	37.7238159179688	0.524693191051483	0
NOTE	98	37.8666877746582	0.604063808917999	0
NOTE	99	38.0038871765137	0.685198307037354	0
NOTE	100	38.1094398498535	0.761041343212128	0
NOTE	101	38.2315826416016	0.840412020683289	0
NOTE	102	38.4975289598755	0.604063808917999	0
NOTE	103	38.6924133300781	0.840412020683289	0.9423693
NOTE	104	38.3897171020508	0.193100139498711	0
NOTE	105	38.6882705688477	0.371243178844452	0
NOTE	106	39.2190219215725	0.459432810544968	0.3913044
NOTE	107	39.8307822243027	0.244250118732452	0
NOTE	108	40.1790885925293	0.36771559715271	0
NOTE	109	40.3864146885665	0.579370737075806	0.3913044
NOTE	110	40.9381294250488	0.757513761520386	0
NOTE	111	41.0357342362404	0.235431134700775	0.8816575
NOTE	112	41.6184997558594	0.374770730733871	0
NOTE	113	42.0391883850098	0.489417254924774	0
NOTE	114	42.2152366638184	0.582898259162903	0
NOTE	115	42.243480682373	0.600536227226257	0
NOTE	116	42.4330787658691	0.750458657741547	0
NOTE	117	42.5906448364258	0.875687897205353	0
NOTE	118	42.8315048217773	0.831593036651611	0
NOTE	119	43.063346862793	0.778679251670837	0
NOTE	120	43.2897415161133	0.722237884998322	0
NOTE	121	43.5468254089355	0.653450071811676	0
NOTE	122	43.5863790926726	0.648158609867096	1.2657950
NOTE	123	42.9329109191895	0.383589714765549	0
NOTE	124	43.2563409597977	0.235431134700775	0
NOTE	125	43.6734558032907	0.351841449737549	0
NOTE	126	43.9305395509886	0.484125912189484	0
NOTE	127	44.2207953048789	0.348313868045807	0.3913044
NOTE	128	44.8531723022461	0.357132852077484	0
NOTE	129	45.2472076416016	0.223084568977356	0
NOTE	130	45.4108085632324	0.159588053822517	0
NOTE	131	45.6889915466309	0.0819811671972275	0
NOTE	132	46.1555213928223	0.221320822834969	0
NOTE	133	46.1575202941895	0.219557002186775	0
NOTE	134	46.5889930725098	0.307746648788452	0
NOTE	135	46.5848471600076	0.305982828140259	0.8760224
NOTE	136	47.659122467041	0.628756880760193	0
NOTE	137	47.8310241699219	0.697544813156128	0
NOTE	138	48.0070724487305	0.780443072319031	0
NOTE	139	48.1442680358887	0.843939542770386	0
NOTE	140	48.318058013916	0.808663725852966	0
NOTE	141	48.4714775085449	0.762805104255676	0
NOTE	142	48.4571468467298	0.464724183082581	0
NOTE	143	48.7391090393066	0.344786286354065	0
NOTE	144	48.9198733931002	0.221320807933807	0.8236086
NOTE	145	50.0748291015625	0.346550077199936	0.8278732
NOTE	146	51.1985311663669	0.27599835395813	0
NOTE	147	52.0593227977338	0.316565603017807	0
NOTE	148	52.2459158379099	0.57407933473587	0.3913044
NOTE	149	51.6446717096412	0.12960359454155	0.3913044
NOTE	150	52.6876691424328	0.238958746194839	0.6427696
NOTE	151	53.6164855957031	0.397700071334839	0
NOTE	152	53.8611317769341	0.529984533786774	0
NOTE	153	54.2201919555664	0.263651818037033	0
NOTE	154	54.5270335907521	0.41710177063942	0
NOTE	155	54.8546080070993	0.293636292219162	0
NOTE	156	55.1780358449273	0.410046607255936	0
NOTE	157	55.287956237793	0.623465538024902	0
NOTE	158	55.8188209533691	0.789261996746063	0
NOTE	159	56.0220007740933	0.464724183082581	0
NOTE	160	56.3993333163469	0.32185697555542	0
NOTE	161	56.8952319077823	0.240722507238388	1.0004200
NOTE	162	56.8933389873608	0.630520701408386	0
NOTE	163	57.0984115600586	0.699308574199677	0
NOTE	164	57.2993354797363	0.759277582168579	0
NOTE	165	57.5111694335938	0.812191367149353	0
NOTE	166	57.7162399291992	0.868632733821869	0
NOTE	167	57.8946533203125	0.914491355419159	0
NOTE	168	58.070917715197	0.441794872283936	0
NOTE	169	58.058479309082	0.648158609867096	0
NOTE	170	58.4399566650391	0.537039697170258	0
NOTE	171	58.7324638366699	0.491181075572968	0
NOTE	172	59.1450958251953	0.614646553993225	0
NOTE	173	59.6241798400879	0.392408639192581	0
NOTE	174	59.9766273498535	0.582898259162903	0
NOTE	175	60.2378616333008	0.392408668994904	0
NOTE	176	60.5178998190424	0.216029435396194	0.6386261
NOTE	177	61.3554950745209	0.38535350561142	0
NOTE	178	61.4757423400879	0.556441426277161	0
NOTE	179	62.2079963684082	0.656977593898773	0
NOTE	180	62.4153192095135	0.378298342227936	0
NOTE	181	62.8175315856934	0.651686191558838	0
NOTE	182	63.0455888043279	0.374770760536194	0
NOTE	183	63.4458770751953	0.644631028175354	0
NOTE	184	63.8522352654001	0.357132792472839	0
NOTE	185	64.1217575073242	0.649922430515289	0
NOTE	186	64.6093673706055	0.327148348093033	0
NOTE	187	64.8996276855469	0.642867207527161	0
NOTE	188	65.1981735229492	0.343022495508194	0
NOTE	189	65.4428176879883	0.628756880760193	0
NOTE	190	65.6667281441067	0.364187985658646	0
NOTE	191	66.0255475407061	0.625229299068451	0
NOTE	192	66.3738555908203	0.402991414070129	0.3913044
NOTE	193	67.2180638261463	0.208974242210388	0.7862839
NOTE	194	67.9749825104423	0.552913784980774	0
NOTE	195	68.1468811035156	0.626993060112	0
NOTE	196	68.3294296264648	0.708127558231354	0
NOTE	197	68.3314361572266	0.715182721614838	0
NOTE	198	68.596923828125	0.829829216003418	0
NOTE	199	68.8351669311523	0.933893024921417	0
NOTE	200	68.9682159423828	0.873924016952515	0
NOTE	201	69.119384765625	0.813955128192902	0
NOTE	202	69.0820666966231	0.445322453975677	0
NOTE	203	69.3557365251624	0.646394848823547	0
NOTE	204	69.6567535400391	0.295400112867355	0.6302025
NOTE	205	70.5441131591797	0.470015555620193	0
NOTE	206	70.9526837545892	0.203682869672775	0.6386214
NOTE	207	71.7653999276783	0.388881087303162	0
NOTE	208	71.8690626413926	0.639339685440063	0
NOTE	209	72.1468790095785	0.305982828140259	0
NOTE	210	72.468635559082	0.616410374641418	0
NOTE	211	72.8252258300781	0.357132792472839	0
NOTE	212	73.1693883356841	0.604063808917999	0
NOTE	213	73.2730511271435	0.355369031429291	0.2747749
NOTE	214	74.208235491877	0.36771559715271	0
NOTE	215	74.4321470778921	0.639339685440063	0
NOTE	216	74.7638679172682	0.369479387998581	0
NOTE	217	75.0773162323496	0.660505175590515	0
NOTE	218	75.4090371494708	0.355369031429291	0
NOTE	219	75.7739301505296	0.639339685440063	0
NOTE	220	76.1700757223627	0.355369031429291	0.3913044
NOTE	221	76.7671733109847	0.662268996238709	0
NOTE	222	77.0762687455053	0.489417284727097	0
NOTE	223	77.2688980102539	0.346550047397614	0
NOTE	224	77.4598693847656	0.210738033056259	0
NOTE	225	77.4618682861328	0.210738062858582	0.9687399
NOTE	226	78.1402359008789	0.508818984031677	0
NOTE	227	78.4614105224609	0.59171724319458	0
NOTE	228	78.7642135620117	0.672851741313934	0
NOTE	229	78.7662200927734	0.669324159622192	0
NOTE	230	79.1270751953125	0.831593096256256	0
NOTE	231	79.3155670166016	0.923310279846191	0
NOTE	232	79.5149612426758	0.838648200035095	0
NOTE	233	79.7241821289063	0.762805104255676	0
NOTE	234	79.9126586914063	0.674615442752838	0
NOTE	235	80.0685653686523	0.745167195796967	0
NOTE	236	80.0790896934012	0.22661218047142	0.9687397
NOTE	237	80.7779570558797	0.440031081438065	0
NOTE	238	80.9664535522461	0.489417284727097	0
NOTE	239	81.099235534668	0.529984533786774	0
NOTE	240	81.2110900878906	0.582898259162903	0
NOTE	241	81.3064651489258	0.625229299068451	0
NOTE	242	81.3729095458984	0.67814314365387	0
LINK 26 27 28 30
LINK 58 59 60 61 62 63
LINK 96 97 98 99 100 101
LINK 112 113 114
LINK 115 116 117 118 119 120 121
LINK 128 129 130 131 132
LINK 133 134
LINK 136 137 138 139 140 141
LINK 157 158
LINK 162 163 164 165 166 167
LINK 171 172
LINK 194 195 196
LINK 197 198 199 200 201
LINK 222 223 224
LINK 226 227 228
LINK 229 230 231 232 233 234 235
LINK 237 238 239 240 241 242
