VERSION 2
BPM 240
PAGE_SHIFT 0
PAGE_SIZE 1
NOTE	0	1.6784120798111	0.234411880373955	0
NOTE	1	1.85558569431305	0.399898141622543	0
NOTE	2	2.01301050186157	0.762116372585297	0
NOTE	3	2.19864439964294	0.527195274829865	0
NOTE	4	2.42807984352112	0.281858950853348	0
NOTE	5	2.81812000274658	0.560755431652069	0
NOTE	6	3.24445343017578	0.330463349819183	0
NOTE	7	3.46345973014832	0.673008382320404	0
NOTE	8	3.67203736305237	0.331620514392853	0
NOTE	9	3.86810040473938	0.669536650180817	0
NOTE	10	4.05681180953979	0.202008917927742	0
NOTE	11	4.29458999633789	0.80377721786499	0
NOTE	12	4.47605276107788	0.199694484472275	0
NOTE	13	4.69923067092896	0.802619993686676	0
NOTE	14	4.88695049285889	0.200851693749428	0
NOTE	15	5.10887765884399	0.663750350475311	0
NOTE	16	5.30076932907104	0.331620633602142	0
NOTE	17	5.49891805648804	0.668379366397858	0
NOTE	18	5.65535122156143	0.336249560117722	0.3000000
NOTE	19	6.11521339416504	0.797457575798035	0
NOTE	20	6.29667615890503	0.20683316886425	0
NOTE	21	6.46353816986084	0.790878534317017	0
NOTE	22	6.67211627960205	0.211266875267029	0
NOTE	23	6.89737951755524	0.779475033283234	0
NOTE	24	7.07967710494995	0.333935081958771	0
NOTE	25	7.27156835794449	0.67763739824295	0
NOTE	26	7.47806021571159	0.330463379621506	0
NOTE	27	7.67829465866089	0.67763739824295	0
NOTE	28	7.87227201461792	0.332777887582779	0
NOTE	29	8.05681133270264	0.802619993686676	0
NOTE	30	8.23201656341553	0.198537260293961	0
NOTE	31	8.43642294406891	0.802619993686676	0
NOTE	32	8.64917278289795	0.198537260293961	0
NOTE	33	8.83272075653076	0.802619993686676	0
NOTE	34	9.02544689178467	0.34203577041626	0
NOTE	35	9.22150993347168	0.669536590576172	0
NOTE	36	9.39880084991455	0.34203577041626	0
NOTE	37	9.61780738830566	0.669536590576172	0
NOTE	38	9.77841186523438	0.342035740613937	0
NOTE	39	9.97238922119141	0.669536590576172	0
NOTE	40	10.1611003875732	0.206637963652611	0
NOTE	41	10.3655061721802	0.797991037368774	0
NOTE	42	10.5782566070557	0.206637963652611	0
NOTE	43	10.7534618377686	0.797991037368774	0
NOTE	44	11.0010004043579	0.333935081958771	0
NOTE	45	11.154764175415	0.66490763425827	0
NOTE	46	11.3445711135864	0.333935081958771	0
NOTE	47	11.5281181335449	0.66490763425827	0
NOTE	48	11.7387828826904	0.333935081958771	0
NOTE	49	11.9390163421631	0.66490763425827	0
NOTE	50	12.1110420227051	0.207795217633247	0
NOTE	51	12.319619178772	0.79799097776413	0
NOTE	52	12.484395980835	0.207795217633247	0
NOTE	53	12.6679441332817	0.79799097776413	0
NOTE	54	12.8702640533447	0.207795217633247	0
NOTE	55	13.0588188171387	0.667222142219543	0
NOTE	56	13.2653102874756	0.33509236574173	0
NOTE	57	13.4634599685669	0.667222142219543	0
NOTE	58	13.6595220565796	0.33509236574173	0
NOTE	59	13.8514137268066	0.667222142219543	0
NOTE	60	14.0422115325928	0.208952397108078	0
NOTE	61	14.2028160095215	0.792204737663269	0
NOTE	62	14.4218225479126	0.208952397108078	0
NOTE	63	14.5949419736862	0.792204737663269	0
NOTE	64	14.8014345169067	0.208952397108078	0
NOTE	65	15.0337896347046	0.674165606498718	0
NOTE	66	15.2089948654175	0.333935111761093	0
NOTE	67	15.3800287246704	0.674165606498718	0
NOTE	68	15.5927782058716	0.333935111761093	0
NOTE	69	15.7346105575562	0.674165606498718	0
NOTE	70	15.9744749069214	0.333935111761093	0
NOTE	71	16.1485857665539	0.770217061042786	0
NOTE	72	16.3509070138828	0.543396711349487	0
NOTE	73	16.5532277545723	0.359394490718842	0
NOTE	74	16.7555484771729	0.190436542034149	0
NOTE	75	17.1511745452881	0.733185172080994	0
NOTE	76	17.3384304642677	0.245984345674515	0
NOTE	77	17.4457311630249	0.308475643396378	0
NOTE	78	17.5530319213867	0.37096694111824	0
NOTE	79	17.713752746582	0.733185172080994	0
NOTE	80	17.8993873596191	0.242512673139572	0
NOTE	81	18.1485843658447	0.669536650180817	0
NOTE	82	18.484395980835	0.336249530315399	0
NOTE	83	18.8973789215088	0.662593126296997	0
NOTE	84	19.1026210784912	0.217053189873695	0
NOTE	85	19.2965965270996	0.800305545330048	0
NOTE	86	19.4822311401367	0.217053189873695	0
NOTE	87	19.6741237640381	0.800305545330048	0
NOTE	88	20.0714130401611	0.287645220756531	0
NOTE	89	20.2653884887695	0.692681550979614	0
NOTE	90	20.4469699859619	0.200851753354073	0
NOTE	91	20.638744354248	0.381382256746292	0
NOTE	92	20.8139495849609	0.792204737663269	0
NOTE	93	21.0045890808105	0.328148812055588	0
NOTE	94	21.1943950653076	0.641762673854828	0
NOTE	95	21.5531482696533	0.328148812055588	0
NOTE	96	21.9390182495117	0.641762673854828	0
NOTE	97	22.3196201324463	0.211267024278641	0
NOTE	98	22.7305164337158	0.788733065128326	0
NOTE	99	22.9244956970215	0.211267024278641	0
NOTE	100	23.1297359466553	0.669536650180817	0
NOTE	101	23.317455291748	0.332777857780457	0
NOTE	102	23.488489151001	0.669536650180817	0
NOTE	103	23.6991519927979	0.332777857780457	0
NOTE	104	23.8993873596191	0.669536650180817	0
NOTE	105	24.0922698974609	0.204323440790176	0
NOTE	106	24.3008480072021	0.795676529407501	0
NOTE	107	24.4635372161865	0.204323440790176	0
NOTE	108	24.6533432006836	0.795676529407501	0
NOTE	109	24.8640079498291	0.204323440790176	0
NOTE	110	25.0671634674072	0.666064858436584	0
NOTE	111	25.2736549377441	0.340878516435623	0
NOTE	112	25.4592876434326	0.666064858436584	0
NOTE	113	25.6595227718353	0.340878516435623	0
NOTE	114	25.8305568695068	0.666064858436584	0
NOTE	115	26.0714130401611	0.198537260293961	0
NOTE	116	26.2487030029297	0.788733005523682	0
NOTE	117	26.4426803588867	0.198537260293961	0
NOTE	118	26.6346893310547	0.774846076965332	0
NOTE	119	26.8264656066895	0.598944664001465	0
NOTE	120	27.4175727069378	0.744757652282715	0
NOTE	121	27.7742404937744	0.242512628436089	0
NOTE	122	27.0083427429199	0.195065513253212	0
NOTE	123	27.2319393157959	0.399898201227188	0
NOTE	124	28.1798724234104	0.661435902118683	0
NOTE	125	28.551139831543	0.335092306137085	0
NOTE	126	28.9474391937256	0.661435902118683	0
NOTE	127	29.1359939575195	0.212424203753471	0
NOTE	128	29.3466548919678	0.785261332988739	0
NOTE	129	29.523946762085	0.212424203753471	0
NOTE	130	29.7116661071777	0.785261332988739	0
NOTE	131	29.9139862060547	0.212424203753471	0
NOTE	132	30.1068706512451	0.667222082614899	0
NOTE	133	30.2716445922852	0.337406843900681	0
NOTE	134	30.5052528381348	0.667222082614899	0
NOTE	135	30.6888027191162	0.337406843900681	0
NOTE	136	30.9224071502686	0.667222082614899	0
NOTE	137	31.0984477996826	0.211266964673996	0
NOTE	138	31.2778263092041	0.787575781345367	0
NOTE	139	31.4738883972168	0.211266964673996	0
NOTE	140	31.6845531463623	0.787575781345367	0
NOTE	141	31.8597583770752	0.211266964673996	0
NOTE	142	32.0505561828613	0.668379426002502	0
NOTE	143	32.2737350463867	0.343193054199219	0
NOTE	144	32.4718780517578	0.668379426002502	0
NOTE	145	32.6512565612793	0.343193054199219	0
NOTE	146	32.8118629455566	0.668379426002502	0
NOTE	147	33.027530670166	0.205480664968491	0
NOTE	148	33.2340278625488	0.789890289306641	0
NOTE	149	33.4467735290527	0.205480664968491	0
NOTE	150	33.6178072690964	0.730870723724365	0.2155279
NOTE	151	34.0009994506836	0.211266919970512	0
NOTE	152	34.2028160095215	0.553812026977539	0
NOTE	153	34.3988800048828	0.211266919970512	0
NOTE	154	34.5719984173775	0.553812026977539	0
NOTE	155	34.7472038269043	0.211266919970512	0
NOTE	156	34.9641227722168	0.553812026977539	0
NOTE	157	35.1672782897949	0.403369724750519	0
NOTE	158	35.3445701599121	0.7910475730896	0
NOTE	159	35.519775390625	0.403369724750519	0
NOTE	160	35.7283554077148	0.7910475730896	0
NOTE	161	35.8910440206528	0.403369724750519	0
NOTE	162	36.1360702514648	0.659121453762054	0
NOTE	163	36.3112754821777	0.336249560117722	0
NOTE	164	36.5198554992676	0.659121453762054	0
NOTE	165	36.7138290405273	0.336249560117722	0
NOTE	166	36.8806915283203	0.659121453762054	0
NOTE	167	37.0901031494141	0.795676469802856	0
NOTE	168	37.2673968076706	0.208952382206917	0
NOTE	169	37.4780616760254	0.795676469802856	0
NOTE	170	37.6699523925781	0.208952382206917	0
NOTE	171	37.8514137268066	0.795676469802856	0
NOTE	172	38.0693283081055	0.342035830020905	0
NOTE	173	38.2570495605469	0.663750366480109	0
NOTE	174	38.4572830200195	0.342035830020905	0
NOTE	175	38.6595993041992	0.663750366480109	0
NOTE	176	38.8410606384277	0.342035830020905	0
NOTE	177	39.027530670166	0.794519305229187	0
NOTE	178	39.2423667907715	0.2031662175153	0
NOTE	179	39.448860168457	0.794519305229187	0
NOTE	180	39.6198921203613	0.20085172355175	0
NOTE	181	39.8326416015625	0.794519305229187	0
NOTE	182	40.0009994506836	0.330463320016861	0
NOTE	183	40.2257614135742	0.659121398003922	0
NOTE	184	40.409309387207	0.330463320016861	0
NOTE	185	40.6053695678711	0.659121398003922	0
NOTE	186	40.7722320556641	0.330463320016861	0
NOTE	187	40.9870681762695	0.659121398003922	0
NOTE	188	41.1714515686035	0.198537200689316	0
NOTE	189	41.3904571533203	0.786418497562408	0
NOTE	190	41.582347869873	0.320048123598099	0.3000000
NOTE	191	42.2217063903809	0.778317809104919	0
NOTE	192	42.38427734375	0.560755431652069	0
NOTE	193	42.5782585144043	0.205480679869652	0
NOTE	194	42.7472038269043	0.794519305229187	0
NOTE	195	42.9662094116211	0.203166231513023	0
NOTE	196	43.3278846740723	0.711197555065155	0
NOTE	197	43.7158393859863	0.222839385271072	0
NOTE	198	43.9327583312988	0.727398931980133	0
NOTE	199	44.1152153015137	0.337406843900681	0
NOTE	200	44.3383903503418	0.655649662017822	0
NOTE	201	44.5699119567871	0.321367233991623	0.3000000
NOTE	202	45.3008880615234	0.781789600849152	0
NOTE	203	45.4613723754883	0.586214900016785	0
NOTE	204	45.6741218566895	0.213581457734108	0
NOTE	205	45.8722724914551	0.725084483623505	0
NOTE	206	46.0630683898926	0.352450996637344	0
NOTE	207	46.4531097412109	0.661435842514038	0
NOTE	208	46.8097763061523	0.326991617679596	0
NOTE	209	47.6073760986328	0.271443754434586	0.3000000
NOTE	210	47.221508026123	0.716983735561371	0.3000000
NOTE	211	48.4386253356934	0.736656963825226	0
NOTE	212	48.6345710754395	0.539925038814545	0
NOTE	213	48.8035202026367	0.197379976511002	0
NOTE	214	49.0009994506836	0.727398931980133	0
NOTE	215	49.194393157959	0.34550753235817	0.3000000
NOTE	216	49.5781784057617	0.713512003421783	0.2384695
NOTE	217	50.0009994506836	0.193908184766769	0
NOTE	218	50.1798706054688	0.522566318511963	0
NOTE	219	50.3571624755859	0.193908184766769	0
NOTE	220	50.5740852355957	0.522566318511963	0
NOTE	221	50.7409439086914	0.193908184766769	0
NOTE	222	50.9620361328125	0.522566318511963	0
NOTE	223	51.1693649291992	0.329306125640869	0
NOTE	224	51.3758583068848	0.786418557167053	0
NOTE	225	51.6471252441406	0.814192473888397	0
NOTE	226	51.9056434631348	0.541082203388214	0
NOTE	227	52.0818405151367	0.222839489579201	0
NOTE	228	52.2695617675781	0.662593126296997	0
NOTE	229	52.6387405395508	0.222839489579201	0
NOTE	230	53.0734195411205	0.734342515468597	0
NOTE	231	53.423828125	0.345507591962814	0
NOTE	232	53.8222160339355	0.734342515468597	0
NOTE	233	54.2236709594727	0.264500319957733	0
NOTE	234	54.4489402770996	0.726241707801819	0
NOTE	235	54.6096572875977	0.184650212526321	0
NOTE	236	54.7993507385254	0.399898171424866	0
NOTE	237	55.4259185791016	0.796833753585815	0
NOTE	238	55.8013534545898	0.210109651088715	0
NOTE	239	55.0401649475098	0.807248950004578	0
NOTE	240	55.1985664367676	0.544553995132446	0
NOTE	241	56.1631889343262	0.666064918041229	0
NOTE	242	56.3509063720703	0.348979264497757	0
NOTE	243	56.5553131103516	0.666064918041229	0
NOTE	244	56.7638893127441	0.348979264497757	0
NOTE	245	56.9808120727539	0.666064918041229	0
NOTE	246	57.158935546875	0.211266919970512	0
NOTE	247	57.3445701599121	0.796833753585815	0
NOTE	248	57.5552368164063	0.211266919970512	0
NOTE	249	57.7785339355469	0.782946825027466	0
NOTE	250	57.9489402770996	0.519094586372375	0
NOTE	251	58.1193885803223	0.336249560117722	0
NOTE	252	58.3300514221191	0.657964110374451	0
NOTE	253	58.5407104492188	0.336249560117722	0
NOTE	254	58.9098930358887	0.657964110374451	0
NOTE	255	59.2632255554199	0.214738741517067	0
NOTE	256	59.4968338012695	0.792204797267914	0
NOTE	257	59.6908111572266	0.214738741517067	0
NOTE	258	59.8868713378906	0.792204797267914	0
NOTE	259	60.1110420227051	0.335092335939407	0
NOTE	260	60.3112754821777	0.656807005405426	0
NOTE	261	60.5240249633789	0.335092335939407	0
NOTE	262	60.7013168334961	0.656807005405426	0
NOTE	263	60.8702621459961	0.335092335939407	0
NOTE	264	61.0818786621094	0.78410404920578	0
NOTE	265	61.2736587524414	0.563069880008698	0
NOTE	266	61.4698333740234	0.229782894253731	0
NOTE	267	61.6616096496582	0.416099637746811	0
NOTE	268	62.0442962646484	0.679951846599579	0.2890371
NOTE	269	62.4739685058594	0.252927839756012	0
NOTE	270	62.6429138183594	0.663750410079956	0
NOTE	271	62.8473205566406	0.252927839756012	0
NOTE	272	63.0609016418457	0.756330132484436	0
NOTE	273	63.2444534301758	0.456603229045868	0.3000000
NOTE	274	64.0381546020508	0.779475033283234	0
NOTE	275	64.2278442382813	0.588529288768768	0
NOTE	276	64.4113922119141	0.355922758579254	0
NOTE	277	64.576171875	0.685738027095795	0
NOTE	278	64.7847518920898	0.355922758579254	0
NOTE	279	65.161018371582	0.747072100639343	0
NOTE	280	65.5510624051094	0.250613331794739	0.3000000
NOTE	281	66.142333984375	0.72392725944519	0
NOTE	282	66.3300476074219	0.50636488199234	0.5032858
NOTE	283	67.1234741210938	0.219367623329163	0
NOTE	284	67.3132858276367	0.788733124732971	0
NOTE	285	67.5072631835938	0.219367623329163	0
NOTE	286	67.7054061889648	0.788733124732971	0
NOTE	287	67.8722686767578	0.219367623329163	0
NOTE	288	68.2945861816406	0.648706197738647	0
NOTE	289	68.6429138183594	0.254085063934326	0.3000000
NOTE	290	69.2444534301758	0.710040271282196	0
NOTE	291	69.496826171875	0.489006102085114	0.3000000
NOTE	292	70.2320175170898	0.204323440790176	0
NOTE	293	70.4009704589844	0.794519305229187	0
NOTE	294	70.6053695678711	0.204323440790176	0
NOTE	295	70.7805786132813	0.794519305229187	0
NOTE	296	71.0129318237305	0.372124254703522	0.4870682
NOTE	297	71.7512969970703	0.796833753585815	0
NOTE	298	71.9807357788086	0.213581398129463	0
NOTE	299	72.1506729125977	0.627875804901123	0
NOTE	300	72.3279571533203	0.292274206876755	0
NOTE	301	72.5761699676514	0.630190253257751	0.3000000
NOTE	302	73.2715683579445	0.217053174972534	0
NOTE	303	73.4884872436523	0.799148201942444	0
NOTE	304	73.6845521330833	0.217053174972534	0
NOTE	305	73.8743515014648	0.799148201942444	0
NOTE	306	74.0880966186523	0.338564097881317	0
NOTE	307	74.4447631835938	0.65912139415741	0
NOTE	308	74.8494033813477	0.330463320016861	0
NOTE	309	75.2590560913086	0.793362021446228	0
NOTE	310	75.4718017578125	0.210109651088715	0
NOTE	311	75.6428375244141	0.793362021446228	0
NOTE	312	75.8472442626953	0.210109651088715	0
NOTE	313	76.0985260009766	0.800305545330048	0
NOTE	314	76.3237915039063	0.550340175628662	0
NOTE	315	76.5553131103516	0.800305545330048	0
NOTE	316	76.7638854980469	0.550340175628662	0
NOTE	317	77.0009994506836	0.207795262336731	0
NOTE	318	77.2632217407227	0.450817048549652	0
NOTE	319	77.5385513305664	0.207795262336731	0
NOTE	320	77.9661254882813	0.380225002765656	0
NOTE	321	78.21533203125	0.780632257461548	0
NOTE	322	78.3988800048828	0.431143790483475	0
NOTE	323	78.5615692138672	0.780632257461548	0
NOTE	324	78.7597198486328	0.431143790483475	0
NOTE	325	78.9662094116211	0.780632257461548	0
NOTE	326	79.1485061645508	0.197379946708679	0
NOTE	327	79.3612594604492	0.589686632156372	0
NOTE	328	79.5573272705078	0.197379946708679	0
NOTE	329	79.786750793457	0.589686632156372	0
NOTE	330	80.0009994506836	0.344350308179855	0
NOTE	331	80.1339874267578	0.752858400344849	0
NOTE	332	80.3342208862305	0.344350308179855	0
NOTE	333	80.5553131103516	0.752858400344849	0
NOTE	334	80.7346954345703	0.344350308179855	0
NOTE	335	80.9182434082031	0.752858400344849	0
NOTE	336	81.1109619140625	0.208952456712723	0
NOTE	337	81.3216247558594	0.567698895931244	0
NOTE	338	81.5093460083008	0.208952456712723	0
NOTE	339	81.7137529850006	0.567698895931244	0
NOTE	340	81.9327545166016	0.208952456712723	0
NOTE	341	82.1277389526367	0.781789541244507	0
NOTE	342	82.3217010498047	0.409156143665314	0
NOTE	343	82.5135879516602	0.781789541244507	0
NOTE	344	82.8681793212891	0.409156143665314	0
NOTE	345	83.0588191449642	0.207795262336731	0
NOTE	346	83.2152481079102	0.587372124195099	0
NOTE	347	83.4196624755859	0.207795262336731	0
NOTE	348	83.613639831543	0.587372124195099	0
NOTE	349	83.8222122192383	0.207795262336731	0
NOTE	350	84.0839267373085	0.527195274829865	0.3000000
NOTE	351	84.7868347167969	0.233254641294479	0
NOTE	352	85.0009994506836	0.670693874359131	0
NOTE	353	85.2131652832031	0.355922758579254	0
NOTE	354	85.3925399780273	0.670693874359131	0
NOTE	355	85.5698344111443	0.36170905828476	0.3000000
NOTE	356	86.3801116943359	0.738971412181854	0
NOTE	357	86.5678253173828	0.257556796073914	0
NOTE	358	86.7743225097656	0.74475759267807	0
NOTE	359	87.0066833496094	0.295745939016342	0
NOTE	360	87.2402801513672	0.493635088205338	0.3000000
NOTE	361	87.9348449707031	0.280701726675034	0
NOTE	362	88.117301940918	0.802619993686676	0
NOTE	363	88.3196182250977	0.220524907112122	0
NOTE	364	88.5156860351563	0.7910475730896	0
NOTE	365	88.7284317016602	0.205480724573135	0
NOTE	366	89.0901031494141	0.65912139415741	0
NOTE	367	89.3153686523438	0.332777887582779	0
NOTE	368	89.5135192871094	0.65912139415741	0
NOTE	369	89.7033233642578	0.332777887582779	0
NOTE	370	89.8868713378906	0.65912139415741	0
NOTE	371	90.0797576904297	0.221682101488113	0
NOTE	372	90.2820739746094	0.78410404920578	0
NOTE	373	90.482307434082	0.204323500394821	0.3000000
NOTE	374	91.0400466918945	0.657964169979095	0
NOTE	375	91.2569732666016	0.346664790736806	0
NOTE	376	91.4196624755859	0.657964169979095	0
NOTE	377	91.6386642456055	0.346664790736806	0
NOTE	378	91.8222198486328	0.657964169979095	0
NOTE	379	92.0234375	0.205480751910045	0
NOTE	380	92.2320175170898	0.792204797267914	0
NOTE	381	92.4155654907227	0.205480751910045	0
NOTE	382	92.5845108032227	0.792204797267914	0
NOTE	383	92.7993469238281	0.205480751910045	0
NOTE	384	93.0009994506836	0.657964169979095	0
NOTE	385	93.1902236938477	0.351293802261353	0
NOTE	386	93.3883666992188	0.657964169979095	0
NOTE	387	93.5781784057617	0.351293802261353	0
NOTE	388	93.79092669487	0.657964169979095	0
NOTE	389	94.0009994506836	0.199694514274597	0
NOTE	390	94.1652679443359	0.786418616771698	0
NOTE	391	94.3321304321289	0.199694514274597	0
NOTE	392	94.5365371704102	0.786418616771698	0
NOTE	393	94.7054901123047	0.199694514274597	0
NOTE	394	94.9140625	0.786418616771698	0
NOTE	395	95.2861633300781	0.331620646513652	0
NOTE	396	95.519775390625	0.655649662017822	0
NOTE	397	95.7033233642578	0.331620646513652	0
NOTE	398	95.8785247802734	0.655649662017822	0
NOTE	399	96.0880966186523	0.206637889146805	0
NOTE	400	96.2758178710938	0.800305545330048	0
NOTE	401	96.4718811511993	0.206637889146805	0.3000000
NOTE	402	97.2089996337891	0.778317809104919	0
NOTE	403	97.4147923848766	0.601259112358093	0
NOTE	404	97.6205851359641	0.40452715754509	0
NOTE	405	97.8263778686523	0.225153863430023	0
NOTE	406	98.0088348388672	0.741285920143127	0.3000000
NOTE	407	98.7680587768555	0.247141614556313	0
NOTE	408	98.9682922363281	0.794519305229187	0
NOTE	409	99.1735382080078	0.571170687675476	0
NOTE	410	99.3779429495335	0.402212649583817	0
NOTE	411	99.5427169799805	0.226311132311821	0.3000000
NOTE	412	100.319618225098	0.772531569004059	0
NOTE	413	100.535148627029	0.589577497569302	0
NOTE	414	100.75067902896	0.397583693265915	0
NOTE	415	100.945350646973	0.204323500394821	0
NOTE	416	101.110961914063	0.484377145767212	0.2223714
NOTE	417	101.517684936523	0.219367668032646	0
NOTE	418	101.715835571289	0.800305485725403	0
NOTE	419	101.928581237793	0.219367668032646	0
NOTE	420	102.150672912598	0.660278677940369	0
NOTE	421	102.35090637207	0.34550753235817	0
NOTE	422	102.565742492676	0.660278677940369	0
NOTE	423	102.832717895508	0.34550753235817	0
NOTE	424	103.094284057617	0.703096807003021	0.3000000
NOTE	425	103.788955688477	0.245984360575676	0
NOTE	426	103.972389221191	0.433458298444748	0
NOTE	427	104.206985473633	0.757487416267395	0
NOTE	428	104.417655944824	0.223996594548225	0
NOTE	429	104.674201965332	0.763273596763611	0
NOTE	430	105.088019996881	0.344350278377533	0.3000000
NOTE	431	105.530204772949	0.609359800815582	0
NOTE	432	105.76798248291	0.360551744699478	0
NOTE	433	106.033866882324	0.73781418800354	0
NOTE	434	106.286247253418	0.208952531218529	0
NOTE	435	106.549057006836	0.776003301143646	0.3000000
NOTE	436	107.171447753906	0.397583723068237	0
NOTE	437	107.519775390625	0.630190253257751	0
NOTE	438	107.880615234375	0.411470592021942	0
NOTE	439	108.352989196777	0.689209818840027	0.3000000
NOTE	440	108.352989196777	0.288802482380309	0.3000000
LINK 0 1
LINK 76 77 78
LINK 90 91
LINK 118 119
LINK 122 123
LINK 191 192
LINK 202 203
LINK 211 212
LINK 225 226
LINK 235 236
LINK 239 240
LINK 249 250
LINK 264 265
LINK 266 267
LINK 274 275
LINK 425 426
