VERSION 2
BPM 240
PAGE_SHIFT 0
PAGE_SIZE 1
NOTE	0	0.0846335515379906	0.248656451702118	0
NOTE	1	0.454141020774841	0.766400992870331	0
NOTE	2	0.846612215042114	0.235915467143059	0
NOTE	3	1.03251171112061	0.775667130947113	0
NOTE	4	1.2107971906662	0.66099888086319	0
NOTE	5	1.36801087856293	0.542951285839081	0
NOTE	6	1.55248951911926	0.334197700023651	0.3000000
NOTE	7	2.14292812347412	0.775274217128754	0
NOTE	8	2.53754431009293	0.241731092333794	0
NOTE	9	2.69270896911621	0.76464581489563	0
NOTE	10	2.90917325019836	0.244919568300247	0
NOTE	11	3.83216905593872	0.24704521894455	0
NOTE	12	3.08508014678955	0.529759347438812	0.3000000
NOTE	13	4.02415990829468	0.727446615695953	0
NOTE	14	4.22146844863892	0.345888823270798	0
NOTE	15	4.39004230499268	0.715755522251129	0
NOTE	16	4.58351898193359	0.327820748090744	0.3000000
NOTE	17	5.14063262939453	0.568021416664124	0.3000000
NOTE	18	5.89346837997437	0.348014533519745	0
NOTE	19	6.46091985702515	0.735949337482452	0
NOTE	20	6.82871770858765	0.213034510612488	0
NOTE	21	7.02186489105225	0.691310286521912	0
NOTE	22	7.20959520339966	0.372459769248962	0
NOTE	23	7.39157772064209	0.690247416496277	0
NOTE	24	7.60421085357666	0.373522609472275	0.3000000
NOTE	25	8.15059089660645	0.648796856403351	0.3000000
NOTE	26	9.07741737365723	0.631791472434998	0
NOTE	27	10.2138051986694	0.303375512361526	0
NOTE	28	10.5701093673706	0.561644375324249	0.3000000
NOTE	29	11.3264474868774	0.241345077260071	0
NOTE	30	11.512261390686	0.765417791786319	0
NOTE	31	11.6999921798706	0.238542616574534	0
NOTE	32	11.8838901519775	0.771022915840149	0
NOTE	33	12.0931215286255	0.512754023075104	0.3000000
NOTE	34	12.8363790512085	0.24704521894455	0
NOTE	35	13.0237808227539	0.693435966968536	0
NOTE	36	13.2172574996948	0.385213792324066	0
NOTE	37	13.3954086303711	0.70725280046463	0
NOTE	38	13.602294921875	0.427727162837982	0.3000000
NOTE	39	14.1429281234741	0.682807564735413	0
NOTE	40	14.512640953064	0.247045283070989	0
NOTE	41	14.7176113128662	0.745514869689941	0
NOTE	42	14.9008396863937	0.247045283070989	0
NOTE	43	15.0869960784912	0.531884968280792	0.3000000
NOTE	44	15.8225908279419	0.50318843126297	0
NOTE	45	16.0318241119385	0.747640490531921	0
NOTE	46	16.2042274475098	0.287432963289945	0
NOTE	47	16.386209487915	0.738660850194748	0
NOTE	48	16.5681934356689	0.292806774377823	0.3000000
NOTE	49	17.1387157440186	0.66048800945282	0.3612843
NOTE	50	17.7110977172852	0.298061341047287	0
NOTE	51	17.9011325836182	0.504251301288605	0
NOTE	52	18.457088470459	0.677493393421173	0
NOTE	53	18.8363800048828	0.50212562084198	0
NOTE	54	19.0199489593506	0.723195314407349	0
NOTE	55	19.2153415679932	0.258736461400986	0
NOTE	56	19.3800830841064	0.730635106563568	0
NOTE	57	19.585054397583	0.316129505634308	0.3000000
NOTE	58	20.1390972137451	0.691310286521912	0.3000000
NOTE	59	20.7042026519775	0.436229854822159	0.3000000
NOTE	60	21.0812492370605	0.683870434761047	0
NOTE	61	21.4586238861084	0.292747139930725	0
NOTE	62	21.6406078338623	0.644545495510101	0.3000000
NOTE	63	22.2157211303711	0.361831426620483	0.3000000
NOTE	64	22.5816040039063	0.661550879478455	0.3000000
NOTE	65	23.3321933746338	0.228977026607698	0
NOTE	66	23.5218391418457	0.782714068889618	0
NOTE	67	23.6999912261963	0.228977026607698	0
NOTE	68	23.8781433105469	0.782714068889618	0
NOTE	69	24.0892906188965	0.513816833496094	0.4107094
NOTE	70	24.8363800048828	0.303375482559204	0
NOTE	71	25.2057647705078	0.75720602273941	0
NOTE	72	25.5812244415283	0.239605456005464	0
NOTE	73	25.9509372711182	0.755818363476642	0
NOTE	74	26.3306560516357	0.366082757711411	0
NOTE	75	26.729105591774	0.681744754314423	0
NOTE	76	27.0889110565186	0.270427584648132	0
NOTE	77	27.4735622406006	0.731697916984558	0
NOTE	78	27.6904144287109	0.580775380134583	0
NOTE	79	28.2042274475098	0.327820658683777	0
NOTE	80	28.5930957794189	0.721069633960724	0.3000000
NOTE	81	29.3283634185791	0.367145568132401	0
NOTE	82	29.6957721710205	0.722132503986359	0
NOTE	83	29.9049625396729	0.543576240539551	0
NOTE	84	30.1103630065918	0.341637581586838	0.3570709
NOTE	85	30.8402118682861	0.692373037338257	0
NOTE	86	31.1961860656738	0.304438352584839	0
NOTE	87	31.569730758667	0.744451999664307	0
NOTE	88	32.0009994506836	0.260862082242966	0
NOTE	89	32.1620826721191	0.47449192404747	0
NOTE	90	32.7099494934082	0.7582688331604	0
NOTE	91	33.0831642150879	0.305501163005829	0
NOTE	92	33.4471321105957	0.674304902553558	0
NOTE	93	33.6693458557129	0.357580095529556	0.3000000
NOTE	94	34.2176361083984	0.754017531871796	0
NOTE	95	34.5739440917969	0.261924922466278	0
NOTE	96	34.9513168334961	0.732760846614838	0
NOTE	97	35.3360252380371	0.331009209156036	0
NOTE	98	35.5390815734863	0.676430523395538	0
NOTE	99	35.7057384252548	0.337386220693588	0
NOTE	100	35.8973007202148	0.677493453025818	0
NOTE	101	36.0931205749512	0.242794007062912	0
NOTE	102	36.457088470459	0.769960045814514	0
NOTE	103	36.8306312561035	0.245982453227043	0
NOTE	104	37.2191696166992	0.664739429950714	0
NOTE	105	37.552490234375	0.353328704833984	0
NOTE	106	38.0009994506836	0.725320994853973	0
NOTE	107	38.2387084960938	0.515942454338074	0
NOTE	108	38.7195243835449	0.250233769416809	0
NOTE	109	39.0869941711426	0.698750138282776	0
NOTE	110	39.4582366943359	0.303375512361526	0
NOTE	111	39.6999893188477	0.479806125164032	0
NOTE	112	40.1812400817871	0.691310226917267	0
NOTE	113	40.6026763916016	0.309752523899078	0.3000000
NOTE	114	41.3321952819824	0.704064249992371	0
NOTE	115	41.7034339904785	0.258736461400986	0
NOTE	116	41.8512172698975	0.40062490105629	0
NOTE	117	41.9990005493164	0.519131004810333	0
NOTE	118	42.4724159240723	0.75614321231842	0
NOTE	119	42.8018989562988	0.240668252110481	0
NOTE	120	43.1885231137276	0.715755462646484	0
NOTE	121	43.6118698120117	0.367145627737045	0
NOTE	122	44.0009994506836	0.76145738363266	0
NOTE	123	44.2195510864258	0.573335587978363	0
NOTE	124	44.6984558105469	0.437292695045471	0
NOTE	125	45.0697555541992	0.750828981399536	0
NOTE	126	45.463981628418	0.279993176460266	0
NOTE	127	45.6750907897949	0.487245947122574	0
NOTE	128	46.2118911743164	0.692373096942902	0
NOTE	129	46.5720252990723	0.355454415082932	0.3000000
NOTE	130	47.3149528503418	0.650922536849976	0
NOTE	131	47.7168426513672	0.254485130310059	0
NOTE	132	47.9067687988281	0.492560088634491	0
NOTE	133	48.1007843017578	0.711504101753235	0
NOTE	134	48.441764831543	0.285307317972183	0
NOTE	135	48.7980690002441	0.729572296142578	0
NOTE	136	49.067455291748	0.245982438325882	0
NOTE	137	49.2172546386719	0.465989232063293	0
NOTE	138	49.3858337402344	0.725320994853973	0
NOTE	139	49.608039855957	0.411784797906876	0.3000000
NOTE	140	50.1601715087891	0.687058925628662	0
NOTE	141	50.5337142944336	0.301249861717224	0
NOTE	142	50.7191352844238	0.824164509773254	0
NOTE	143	50.9359931945801	0.60309499502182	0
NOTE	144	51.0946617126465	0.360768586397171	0.3000000
NOTE	145	51.8340835571289	0.697687268257141	0
NOTE	146	52.2042274475098	0.344826102256775	0
NOTE	147	52.5911827087402	0.668990731239319	0.3000000
NOTE	148	53.3360252380371	0.317192375659943	0
NOTE	149	53.5329437255859	0.778462707996368	0
NOTE	150	53.6942481994629	0.583963930606842	0
NOTE	151	53.9183692932129	0.32144370675087	0
NOTE	152	54.1659164428711	0.688121795654297	0.3000000
NOTE	153	54.8459548950195	0.309752464294434	0
NOTE	154	55.3915748596191	0.237479701638222	0
NOTE	155	55.577392578125	0.416036009788513	0.3000000
NOTE	156	56.1640014648438	0.724258124828339	0
NOTE	157	56.5294952392578	0.248108133673668	0
NOTE	158	56.7252731323242	0.459612280130386	0
NOTE	159	56.8804397583008	0.720006763935089	0
NOTE	160	57.0793342590332	0.291684299707413	0.3000000
NOTE	161	57.4639854431152	0.760394513607025	0
NOTE	162	57.6540184020996	0.529759347438812	0
NOTE	163	58.2157211303711	0.359705746173859	0
NOTE	164	58.5796890258789	0.699812948703766	0.3000000
NOTE	165	59.3187866210938	0.346951723098755	0
NOTE	166	59.7034378051758	0.745514869689941	0
NOTE	167	59.8762321472168	0.535073459148407	0
NOTE	168	60.0892906188965	0.352265894412994	0.3000000
NOTE	169	60.8268013000488	0.777399897575378	0
NOTE	170	61.0295257568359	0.272553324699402	0
NOTE	171	61.2038497924805	0.621163129806519	0
NOTE	172	61.3973274230957	0.278930306434631	0
NOTE	173	61.6003797650337	0.61053478717804	0.3000000
NOTE	174	62.1582527160645	0.298061370849609	0
NOTE	175	62.516471862793	0.76358300447464	0
NOTE	176	62.7133903503418	0.2906214594841	0
NOTE	177	62.9015083312988	0.468114942312241	0
NOTE	178	63.0850791931152	0.690247416496277	0.3000000
NOTE	179	63.8225936889648	0.335260540246964	0
NOTE	180	64.1927337646484	0.687058925628662	0
NOTE	181	64.5854339599609	0.341637551784515	0.3000000
NOTE	182	65.3149566650391	0.711504101753235	0
NOTE	183	65.5137939453125	0.284244507551193	0
NOTE	184	65.7057342529297	0.469177782535553	0
NOTE	185	65.8896331787109	0.689184606075287	0
NOTE	186	66.1007843017578	0.340574651956558	0.3992157
NOTE	187	66.8383026123047	0.784839689731598	0
NOTE	188	67.0009994506836	0.292747169733047	0
NOTE	189	67.2057647705078	0.619037449359894	0
NOTE	190	67.3915710449219	0.306564003229141	0
NOTE	191	67.5907974243164	0.644545495510101	0.3000000
NOTE	192	68.1333465576172	0.314003854990005	0
NOTE	193	68.5145568847656	0.704064249992371	0
NOTE	194	68.7153091430664	0.268301904201508	0
NOTE	195	68.8804397583008	0.464926391839981	0
NOTE	196	69.0984893739223	0.720006823539734	0
NOTE	197	69.4624557495117	0.28955864906311	0
NOTE	198	69.6635971069336	0.756143152713776	0.3000000
NOTE	199	70.204231262207	0.344826012849808	0
NOTE	200	70.5777740478516	0.658362329006195	0.3000000
NOTE	201	71.3187866210938	0.284244477748871	0
NOTE	202	71.7038192749023	0.734886407852173	0
NOTE	203	72.0873794555664	0.440481245517731	0.3000000
NOTE	204	72.8210525512695	0.65198540687561	0
NOTE	205	73.0253067016602	0.248108088970184	0
NOTE	206	73.1885223388672	0.44579541683197	0
NOTE	207	73.4107284545898	0.739137768745422	0
NOTE	208	73.5793075561523	0.353328704833984	0.3000000
NOTE	209	74.1390991210938	0.699812889099121	0
NOTE	210	74.5199203491211	0.2619249522686	0
NOTE	211	74.7080383300781	0.487245917320251	0
NOTE	212	74.9072647094727	0.748703360557556	0
NOTE	213	75.0889053344727	0.341637551784515	0.3000000
NOTE	214	75.8302536010742	0.682807624340057	0
NOTE	215	76.0237720310688	0.285307288169861	0
NOTE	216	76.1850738525391	0.498937100172043	0
NOTE	217	76.4072875976563	0.75614321231842	0
NOTE	218	76.5988464355469	0.356517255306244	0.3000000
NOTE	219	77.1425476074219	0.689184546470642	0.3000000
NOTE	220	77.8973007202148	0.370334088802338	0
NOTE	221	78.4590072631836	0.684933245182037	0
NOTE	222	78.8229751586914	0.348014563322067	0
NOTE	223	79.0253143310547	0.793342351913452	0
NOTE	224	79.2115173339844	0.557393014431	0
NOTE	225	79.3954086303711	0.298061370849609	0
NOTE	226	79.5735549926758	0.708315670490265	0.3000000
NOTE	227	80.1563339233398	0.298061311244965	0
NOTE	228	80.7042083740234	0.70725280046463	0
NOTE	229	81.0889053344727	0.384150981903076	0
NOTE	230	81.4528732299805	0.727446675300598	0
NOTE	231	81.632942199707	0.32144370675087	0.3000000
NOTE	232	82.2023086547852	0.71362978219986	0
NOTE	233	82.5835189819336	0.409658998250961	0.3000000
NOTE	234	83.3206939697266	0.676430583000183	0
NOTE	235	83.5214538574219	0.255547970533371	0
NOTE	236	83.7076568603516	0.487245947122574	0
NOTE	237	83.8896408081055	0.693435907363892	0
NOTE	238	84.1199417114258	0.392653584480286	0.3000000
NOTE	239	84.8287124633789	0.693435966968536	0
NOTE	240	85.0329666137695	0.265113443136215	0
NOTE	241	85.2210922241211	0.481931775808334	0
NOTE	242	85.4069061279297	0.697687268257141	0
NOTE	243	85.5754776000977	0.366082757711411	0.3000000
NOTE	244	86.148681640625	0.717881143093109	0
NOTE	245	86.8708572387695	0.759331703186035	0
NOTE	246	86.5314025878906	0.26830193400383	0
NOTE	247	86.7080230712891	0.528696537017822	0
NOTE	248	87.0831604003906	0.337386250495911	0.3000000
NOTE	249	87.8225936889648	0.671116352081299	0
NOTE	250	88.0498046875	0.281055986881256	0
NOTE	251	88.2118835449219	0.486183136701584	0
NOTE	252	88.4091949462891	0.730635166168213	0
NOTE	253	88.6026763916016	0.325695037841797	0.3000000
NOTE	254	89.1502151489258	0.701938629150391	0.3000000
NOTE	255	89.7168426513672	0.309752523899078	0
NOTE	256	89.9107055664063	0.47874328494072	0
NOTE	257	90.4781646728516	0.71469259262085	0
NOTE	258	90.8363800048828	0.296998530626297	0
NOTE	259	91.0731964111328	0.797593772411346	0
NOTE	260	91.2383270263672	0.582901120185852	0
NOTE	261	91.4356384277344	0.29168426990509	0
NOTE	262	91.6099624633789	0.704064309597015	0.3000000
NOTE	263	92.1467590332031	0.360768586397171	0.3000000
NOTE	264	92.7003707885742	0.711504101753235	0
NOTE	265	93.1061553955078	0.310815364122391	0
NOTE	266	93.458625793457	0.732760787010193	0
NOTE	267	93.6865844726563	0.311878174543381	0.3000000
NOTE	268	94.2023162841797	0.721069633960724	0
NOTE	269	94.5777740478516	0.377773970365524	0.3000000
NOTE	270	95.3283615112305	0.701938629150391	0
NOTE	271	95.7038192749023	0.324632227420807	0
NOTE	272	96.0892868041992	0.647733986377716	0.4107132
NOTE	273	96.8325500488281	0.324632197618485	0
NOTE	274	97.0387191772461	0.776337027549744	0
NOTE	275	97.2095947265625	0.587152421474457	0
NOTE	276	97.403076171875	0.353328764438629	0
NOTE	277	97.5812301635742	0.748703300952911	0
NOTE	278	97.757453918457	0.352265924215317	0
NOTE	279	97.9700927734375	0.75614321231842	0
NOTE	280	98.1333465576172	0.255547910928726	0
NOTE	281	98.5294876098633	0.764645874500275	0
NOTE	282	98.7022857666016	0.587152421474457	0
NOTE	283	98.8861846923828	0.310815364122391	0
NOTE	284	99.0889129638672	0.727446675300598	0.3000000
NOTE	285	99.8302536010742	0.300186961889267	0
NOTE	286	100.570098876953	0.71256697177887	0.3000000
NOTE	287	100.039093017578	0.769960045814514	0
NOTE	288	100.209968566895	0.544639050960541	0
NOTE	289	100.40535736084	0.34482604265213	0
NOTE	290	101.142547607422	0.301249861717224	0
NOTE	291	101.328369140625	0.590340912342072	0.3000000
NOTE	292	101.895385742188	0.31612953543663	0
NOTE	293	102.098876953125	0.718944013118744	0.4011230
NOTE	294	102.832550048828	0.304438352584839	0
NOTE	295	103.025314331055	0.768897235393524	0
NOTE	296	103.209594726563	0.599906444549561	0
NOTE	297	103.391578674316	0.220474363236441	0
NOTE	298	103.60612487793	0.773664680489055	0
NOTE	299	103.759376525879	0.224483018485056	0
NOTE	300	103.958602905273	0.776337027549744	0
NOTE	301	104.150588989258	0.365019947290421	0
NOTE	302	104.328742980957	0.656236708164215	0
NOTE	303	104.514556884766	0.371396958827972	0
NOTE	304	104.708030700684	0.639231324195862	0
NOTE	305	104.899589538574	0.365019917488098	0
NOTE	306	105.096572875977	0.793342411518097	0
NOTE	307	105.265144348145	0.198154866695404	0
NOTE	308	105.46053314209	0.793342411518097	0
NOTE	309	105.830253601074	0.793342411518097	0
NOTE	310	105.636779785156	0.206657513976097	0
NOTE	311	106.033737182617	0.310815334320068	0
NOTE	312	106.190818786621	0.657299518585205	0
NOTE	313	106.39387512207	0.312941044569016	0
NOTE	314	106.558616042137	0.65942519903183	0.4413834
NOTE	315	107.334106445313	0.248108088970184	0
NOTE	316	107.514175415039	0.773148536682129	0
NOTE	317	107.709571838379	0.251296609640121	0
NOTE	318	107.899215698242	0.777399897575378	0
NOTE	319	108.100784301758	0.369271248579025	0.3992157
NOTE	320	108.84595489502	0.61372321844101	0
NOTE	321	109.042938232422	0.232165518631831	0
NOTE	322	109.224914550781	0.790153861045837	0
NOTE	323	109.397323608398	0.232165518631831	0
NOTE	324	109.57930803299	0.790153861045837	0
NOTE	325	109.753623962402	0.232165518631831	0
NOTE	326	109.95093536377	0.791216731071472	0
NOTE	327	110.162078857422	0.365019947290421	0
NOTE	328	110.504981994629	0.683870434761047	0
NOTE	329	110.692710876465	0.361831456422806	0
NOTE	330	110.891929626465	0.684933245182037	0
NOTE	331	111.085083007813	0.298061311244965	0.3000000
NOTE	332	111.834083557129	0.790153920650482	0
NOTE	333	112.020324707031	0.352265888051932	0
NOTE	334	112.211891174316	0.66281644682045	0
NOTE	335	112.416862487793	0.352265888051932	0
NOTE	336	112.587348937988	0.664739370346069	0
NOTE	337	112.857452392578	0.352265888051932	0
NOTE	338	113.148292541504	0.747640490531921	0
NOTE	339	113.334114074707	0.226851284503937	0
NOTE	340	113.631034851074	0.755080342292786	0
NOTE	341	113.88005065918	0.226851284503937	0
NOTE	342	114.087371826172	0.662613689899445	0.3000000
NOTE	343	114.824890136719	0.3958420753479	0
NOTE	344	115.015731811523	0.758268892765045	0
NOTE	345	115.217247009277	0.560179157686303	0
NOTE	346	115.389656066895	0.355030504799316	0
NOTE	347	115.596548557281	0.647733986377716	0
NOTE	348	115.774703979492	0.353328757178076	0
NOTE	349	115.962425231934	0.637523445059408	0
NOTE	350	116.154418945313	0.21728590130806	0
NOTE	351	116.345985412598	0.798656594519223	0
NOTE	352	116.527969360352	0.21728590130806	0
NOTE	353	116.700370788574	0.798656594519223	0
NOTE	354	116.878524780273	0.21728590130806	0
NOTE	355	117.088911265135	0.670053541660309	0
NOTE	356	117.268978834152	0.348014558277072	0
NOTE	357	117.456708848476	0.670053541660309	0
NOTE	358	117.650185704231	0.348014558277072	0
NOTE	359	117.828330993652	0.662179687327672	0
NOTE	360	118.039489746094	0.218348681926727	0
NOTE	361	118.221473693848	0.775274217128754	0
NOTE	362	118.386207580566	0.218348681926727	0
NOTE	363	118.573944091797	0.775274217128754	0.3000000
NOTE	364	119.718765258789	0.735949277877808	0
NOTE	365	119.883888244629	0.523382306098938	0
NOTE	366	119.355178833008	0.404344826936722	0
NOTE	367	120.102699279785	0.326757907867432	0.3000000
NOTE	368	120.83829498291	0.782714128494263	0
NOTE	369	121.018035888672	0.277867496013641	0
NOTE	370	121.209587097168	0.644968867301941	0
NOTE	371	121.412651062012	0.277867496013641	0
NOTE	372	121.592712402344	0.644968867301941	0.3000000
NOTE	373	122.141014099121	0.269602213423443	0
NOTE	374	122.516471862793	0.699694142184946	0
NOTE	375	122.704200744629	0.267239092256695	0
NOTE	376	122.89575958252	0.700875818729401	0
NOTE	377	123.083160400391	0.440481215715408	0.3000000
NOTE	378	123.820671081543	0.710441291332245	0
NOTE	379	124.208061218262	0.261924922466278	0
NOTE	380	124.577774047852	0.786965370178223	0
NOTE	381	124.941741943359	0.253422260284424	0
NOTE	382	125.324531555176	0.683972348750487	0
NOTE	383	125.516090393066	0.31364671444048	0
NOTE	384	125.707656860352	0.685995996328899	0
NOTE	385	125.880058288574	0.306564033031464	0
NOTE	386	126.112274169922	0.511691153049469	0.3000000
NOTE	387	126.830635070801	0.232165530323982	0
NOTE	388	127.023780465126	0.715755462646484	0
NOTE	389	127.207679748535	0.360768586397171	0
NOTE	390	127.418403625488	0.690247416496277	0
NOTE	391	127.611877441406	0.387339472770691	0.3000000
NOTE	392	128.150573730469	0.757206082344055	0
NOTE	393	128.520309448242	0.235354125499725	0
NOTE	394	128.711868286133	0.757206082344055	0
NOTE	395	128.890014648438	0.242793902754784	0
NOTE	396	129.085083007813	0.630728602409363	0
NOTE	397	129.454788208008	0.350140243768692	0
NOTE	398	129.644439697266	0.621163189411163	0.3000000
NOTE	399	130.181243896484	0.344826102256775	0
NOTE	400	130.570114135742	0.641357064247131	0.3000000
NOTE	401	131.368591308594	0.35014021396637	0
NOTE	402	131.707275390625	0.728509426116943	0
NOTE	403	131.903045654297	0.553141713142395	0
NOTE	404	132.146759033203	0.350140273571014	0.3000000
NOTE	405	132.834457397461	0.689184606075287	0
NOTE	406	133.0498046875	0.248108074069023	0
NOTE	407	133.213424682617	0.428789973258972	0
NOTE	408	133.410736083984	0.705127120018005	0
NOTE	409	133.604217529297	0.323569357395172	0.3000000
NOTE	410	134.552490234375	0.284244477748871	0
NOTE	411	134.706115722656	0.486183077096939	0
NOTE	412	134.158253073692	0.683870434761047	0
NOTE	413	134.891937255859	0.676430523395538	0
NOTE	414	135.155960083008	0.336323380470276	0.3000000
NOTE	415	135.835998535156	0.675367712974548	0
NOTE	416	136.21955871582	0.273616105318069	0
NOTE	417	136.57585144043	0.763583064079285	0
NOTE	418	136.98388671875	0.26723912358284	0
NOTE	419	137.336029052734	0.66048800945282	0
NOTE	420	137.527191162109	0.268301904201508	0
NOTE	421	137.705749511719	0.450046718120575	0
NOTE	422	137.912612915039	0.671116411685944	0
NOTE	423	138.154418945313	0.37671110033989	0.3000000
NOTE	424	138.844039916992	0.729572296142578	0
NOTE	425	139.048294067383	0.276804596185684	0
NOTE	426	139.226821899414	0.460675090551376	0
NOTE	427	139.410736083984	0.668990731239319	0
NOTE	428	139.642517089844	0.351203083992004	0.3000000
NOTE	429	140.167831420898	0.70831561088562	0
NOTE	430	140.544815063477	0.285307258367538	0
NOTE	431	140.7099609375	0.467052072286606	0
NOTE	432	140.888107299805	0.70725280046463	0
NOTE	433	141.083160400391	0.283181637525558	0
NOTE	434	141.487365722656	0.716818273067474	0
NOTE	435	141.648284912109	0.312940984964371	0.3000000
NOTE	436	142.200393676758	0.683870434761047	0
NOTE	437	142.585433959961	0.325695008039474	0.3000000
NOTE	438	143.328369140625	0.671116352081299	0
NOTE	439	143.70573425293	0.346951752901077	0
NOTE	440	144.075881958008	0.687058925628662	0.3000000
NOTE	441	144.838302612305	0.332072079181671	0
NOTE	442	145.023391723633	0.737012147903442	0
NOTE	443	145.20002746582	0.556330263614655	0
NOTE	444	145.439453125	0.344826072454453	0
NOTE	445	145.608047485352	0.692373037338257	0.3000000
NOTE	446	146.129516601563	0.338449090719223	0
NOTE	447	146.523742675781	0.754017531871796	0
NOTE	448	146.708023071289	0.570147037506104	0
NOTE	449	146.903427124023	0.331009209156036	0
NOTE	450	147.102325439453	0.65411102771759	0.3000000
NOTE	451	147.834091186523	0.265113443136215	0
NOTE	452	148.388137817383	0.31612953543663	0
NOTE	453	148.039108276367	0.789091050624847	0
NOTE	454	148.200393676758	0.576524078845978	0
NOTE	455	148.572021484375	0.685996055603027	0.3000000
NOTE	456	149.15212649107	0.335260570049286	0.3000000
NOTE	457	149.899215698242	0.663676559925079	0
NOTE	458	150.139099121094	0.363957077264786	0.3000000
NOTE	459	150.836379885674	0.656236708164215	0
NOTE	460	151.034896850586	0.267239153385162	0
NOTE	461	151.207672119141	0.455360889434814	0
NOTE	462	151.410736083984	0.688121736049652	0
NOTE	463	151.602294921875	0.323569387197495	0.3000000
NOTE	464	152.154418945313	0.692373156547546	0.3000000
NOTE	465	152.706115722656	0.343763202428818	0.2651476
NOTE	466	153.148300170898	0.673242032527924	0
NOTE	467	153.468200683594	0.326757878065109	0
NOTE	468	153.64826965332	0.730635166168213	0.3000000
NOTE	469	154.198486328125	0.334197700023651	0
NOTE	470	154.585433959961	0.654111087322235	0.3000000
NOTE	471	155.328353881836	0.250233729819055	0
NOTE	472	155.533340454102	0.715755462646484	0
NOTE	473	155.705749511719	0.262139714550177	0
NOTE	474	155.895385742188	0.707421306719397	0
NOTE	475	156.087371826172	0.530822157859802	0.3000000
NOTE	476	156.826797485352	0.312941044569016	0
NOTE	477	157.032974243164	0.750829041004181	0
NOTE	478	157.217269897461	0.574398398399353	0
NOTE	479	157.389663696289	0.356517285108566	0
NOTE	480	157.585052490234	0.681744754314423	0.3000000
NOTE	481	158.150588989258	0.349077373743057	0
NOTE	482	158.504577636719	0.743389129638672	0
NOTE	483	158.704208374023	0.54995322227478	0
NOTE	484	158.890014648438	0.323569387197495	0
NOTE	485	159.136810302734	0.681744754314423	0.3000000
NOTE	486	159.83024597168	0.345888912677765	0
NOTE	487	160.037185668945	0.751891851425171	0
NOTE	488	160.209976196289	0.535073518753052	0
NOTE	489	160.399627685547	0.334197729825974	0
NOTE	490	160.587341308594	0.662613689899445	0.3000000
NOTE	491	161.169357299805	0.322506576776505	0.3000000
NOTE	492	161.714935302734	0.755080342292786	0
NOTE	493	161.893478393555	0.55526739358902	0
NOTE	494	162.119934082031	0.37033411860466	0.3800659
NOTE	495	162.826812744141	0.691310286521912	0
NOTE	496	163.044052124023	0.259799271821976	0
NOTE	497	163.213424682617	0.439418375492096	0
NOTE	498	163.414566040039	0.705127120018005	0
NOTE	499	163.60612487793	0.340574771165848	0.3000000
NOTE	500	164.144836425781	0.692373096942902	0.3000000
NOTE	501	164.702285766602	0.282118797302246	0
NOTE	502	165.66552734375	0.712566912174225	0.3000000
NOTE	503	165.443298339844	0.39265364408493	0
NOTE	504	165.085083007813	0.653048157691956	0
NOTE	505	166.20231628418	0.338449060916901	0
NOTE	506	166.572021484375	0.620100259780884	0.3000000
NOTE	507	167.311126708984	0.413910329341888	0.3000000
NOTE	508	168.265527367592	0.612660467624664	0.3000000
NOTE	509	169.360928237438	0.429852843284607	0.3000000
NOTE	510	9.44904613494873	0.386276632547379	0
NOTE	511	9.65593242645264	0.695561587810516	0.3000000
NOTE	512	8.7099494934082	0.281055957078934	0
NOTE	513	55.0425491333008	0.776337027549744	0
NOTE	514	55.2153396606445	0.616911828517914	0
LINK 3 4 5
LINK 50 51
LINK 77 78
LINK 82 83
LINK 88 89
LINK 106 107
LINK 110 111
LINK 115 116 117
LINK 122 123
LINK 126 127
LINK 131 132
LINK 136 137
LINK 142 143
LINK 149 150
LINK 157 158
LINK 161 162
LINK 166 167
LINK 176 177
LINK 183 184
LINK 194 195
LINK 205 206
LINK 210 211
LINK 215 216
LINK 223 224
LINK 235 236
LINK 240 241
LINK 246 247
LINK 250 251
LINK 255 256
LINK 259 260
LINK 274 275
LINK 281 282
LINK 287 288
LINK 295 296
LINK 344 345
LINK 364 365
LINK 402 403
LINK 406 407
LINK 410 411
LINK 420 421
LINK 425 426
LINK 430 431
LINK 442 443
LINK 447 448
LINK 453 454
LINK 460 461
LINK 477 478
LINK 482 483
LINK 487 488
LINK 492 493
LINK 496 497
LINK 513 514
