VERSION 2
BPM 240
PAGE_SHIFT 0
PAGE_SIZE 1
NOTE	0	1.33985650539398	0.277867496013641	0.3000000
NOTE	1	2.00099992752075	0.711504101753235	0.3000000
NOTE	2	2.62757802009583	0.492560178041458	0
NOTE	3	3.06592392921448	0.76358300447464	0
NOTE	4	3.26897883415222	0.232165619730949	0
NOTE	5	3.69807624816895	0.768897175788879	0
NOTE	6	4.00099992752075	0.408596187829971	0.3000000
NOTE	7	4.77891159057617	0.76145738363266	0
NOTE	8	5.00099992752075	0.248108088970184	0
NOTE	9	5.19810152053833	0.639231383800507	0
NOTE	10	5.64405059814453	0.327820688486099	0
NOTE	11	5.84749364852905	0.532947838306427	0
NOTE	12	6.26935863494873	0.733823597431183	0
NOTE	13	6.49348545074463	0.42135015130043	0.3000000
NOTE	14	7.3513503074646	0.76358300447464	0
NOTE	15	7.56015205383301	0.240668252110481	0
NOTE	16	7.77470064163208	0.75933164358139	0
NOTE	17	8.20422744750977	0.338449031114578	0
NOTE	18	8.41494464874268	0.690247416496277	0
NOTE	19	8.84978866577148	0.324632227420807	0
NOTE	20	9.10806751251221	0.716818273067474	0.3000000
NOTE	21	9.68658256530762	0.387339472770691	0.2808523
NOTE	22	10.3536462783813	0.70831561088562	0
NOTE	23	10.7823543548584	0.262987852096558	0
NOTE	24	10.9989995956421	0.485120356082916	0
NOTE	25	11.4049873352051	0.647734045982361	0
NOTE	26	11.63294506073	0.360768586397171	0.3000000
NOTE	27	12.5068941116333	0.751891851425171	0
NOTE	28	12.6907930374146	0.241731107234955	0
NOTE	29	12.9110879898071	0.76145738363266	0
NOTE	30	13.3475179672241	0.373522639274597	0
NOTE	31	13.5544052124023	0.764645874500275	0.3000000
NOTE	32	14.0010004043579	0.354391604661942	0
NOTE	33	14.2444553375244	0.553141713142395	0.3000000
NOTE	34	15.2785568237305	0.756143152713776	0
NOTE	35	15.0659246444702	0.231102675199509	0
NOTE	36	15.4835271835327	0.292747139930725	0.3000000
NOTE	37	16.0009994506836	0.76252019405365	0
NOTE	38	16.1927356719971	0.511691093444824	0
NOTE	39	16.5620613098145	0.232165589928627	0
NOTE	40	16.7559242248535	0.4808689057827	0
NOTE	41	17.1942710876465	0.76358300447464	0
NOTE	42	17.4356384277344	0.236416935920715	0
NOTE	43	17.6271991729736	0.764645874500275	0
NOTE	44	17.8398303985596	0.239605396986008	0
NOTE	45	18.0682201385498	0.671116411685944	0
NOTE	46	18.491569519043	0.336323440074921	0
NOTE	47	18.7195281982422	0.660488069057465	0
NOTE	48	19.1406326293945	0.242793843150139	0
NOTE	49	19.3475208282471	0.777399897575378	0
NOTE	50	19.7766170501709	0.245982468128204	0
NOTE	51	20.0009994506836	0.624351739883423	0.3000000
NOTE	52	20.6524810791016	0.384150981903076	0
NOTE	53	21.0620918273926	0.772085699226599	0
NOTE	54	21.2919654846191	0.234291270375252	0
NOTE	55	21.7268104553223	0.772085699226599	0
NOTE	56	21.9164543151855	0.234291270375252	0
NOTE	57	22.3842953443527	0.660488069057465	0
NOTE	58	22.5930970907211	0.270427644252777	0
NOTE	59	22.7961521148682	0.660488069057465	0
NOTE	60	23.0009994506836	0.244919613003731	0
NOTE	61	23.2076778411865	0.795468091964722	0
NOTE	62	23.6386909484863	0.231102675199509	0
NOTE	63	23.8455772399902	0.790153861045837	0
NOTE	64	24.2770214080811	0.345888942480087	0
NOTE	65	24.4628353118896	0.657299518585205	0
NOTE	66	24.9130039215088	0.326757878065109	0
NOTE	67	25.1597881317139	0.711504101753235	0
NOTE	68	25.3954086303711	0.312940984964371	0
NOTE	69	25.6134014129639	0.750828981399536	0
NOTE	70	25.7996044158936	0.520193815231323	0
NOTE	71	26.2325744628906	0.245982363820076	0
NOTE	72	26.4206924438477	0.456423759460449	0
NOTE	73	26.8382949829102	0.717881143093109	0
NOTE	74	27.1387176513672	0.393716514110565	0.3612823
NOTE	75	28.0009994506836	0.723195314407349	0
NOTE	76	28.1505928039551	0.491497278213501	0
NOTE	77	28.395788192749	0.277867436408997	0
NOTE	78	28.7712497711182	0.76252019405365	0
NOTE	79	29.0009994506836	0.293809980154037	0
NOTE	80	29.4069042205811	0.630728602409363	0
NOTE	81	29.6521015167236	0.354391574859619	0.3000000
NOTE	82	30.2751045227051	0.775274217128754	0
NOTE	83	30.7344646453857	0.272553294897079	0
NOTE	84	30.9149208068848	0.488308817148209	0
NOTE	85	31.3379402160645	0.721069633960724	0
NOTE	86	31.6003799438477	0.278930276632309	0.3000000
NOTE	87	32.0009994506836	0.738075017929077	0
NOTE	88	32.2348823547363	0.482994586229324	0.4317843
NOTE	89	33.0678405761719	0.244919627904892	0
NOTE	90	33.2862167358398	0.765708744525909	0
NOTE	91	33.9356117248535	0.777399897575378	0
NOTE	92	33.4873580932617	0.236416861414909	0.3000000
NOTE	93	34.1314353942871	0.401156336069107	0
NOTE	94	34.5624465942383	0.75508040189743	0
NOTE	95	34.7597541809082	0.274678945541382	0.2306666
NOTE	96	35.2076759338379	0.632854402065277	0.3000000
NOTE	97	35.6383018493652	0.2619249522686	0
NOTE	98	35.8379135131836	0.481931775808334	0
NOTE	99	36.0682220458984	0.720006823539734	0.2651113
NOTE	100	36.4877395629883	0.291684329509735	0
NOTE	101	36.7003707885742	0.680681884288788	0.2996292
NOTE	102	37.1597900390625	0.270427614450455	0
NOTE	103	37.349437713623	0.499999970197678	0.3000000
NOTE	104	38.2003974914551	0.76358300447464	0
NOTE	105	38.4091987609863	0.274678975343704	0
NOTE	106	38.6429023742676	0.746577680110931	0.3000000
NOTE	107	39.0846939086914	0.269364774227142	0
NOTE	108	39.2862205505371	0.488308727741241	0
NOTE	109	39.7321662902832	0.752954661846161	0
NOTE	110	39.9107093811035	0.525508046150208	0
NOTE	111	40.3402366638184	0.346951723098755	0.3000000
NOTE	112	40.7769927978516	0.694498717784882	0.2153417
NOTE	113	41.2115097045898	0.501062750816345	0.2884903
NOTE	114	41.6766166687012	0.26405057311058	0
NOTE	115	41.8762245178223	0.446858167648315	0
NOTE	116	42.269359588623	0.70831561088562	0
NOTE	117	42.4934844970703	0.34482604265213	0.3398489
NOTE	118	43.3436889648438	0.70725280046463	0
NOTE	119	43.5712585449219	0.248108044266701	0
NOTE	120	43.7766151428223	0.473429083824158	0
NOTE	121	44.1965637207031	0.727446615695953	0
NOTE	122	44.4149475097656	0.397967845201492	0.3000000
NOTE	123	44.8402099609375	0.727446675300598	0
NOTE	124	45.0640106201172	0.26936474442482	0.3000000
NOTE	125	45.9126243591309	0.721069633960724	0
NOTE	126	46.1616973876953	0.254485100507736	0
NOTE	127	46.3517303466797	0.42560151219368	0
NOTE	128	46.7693328857422	0.749766170978546	0
NOTE	129	47.0009994506836	0.285307288169861	0
NOTE	130	47.4356346130371	0.703001499176025	0
NOTE	131	47.6482696533203	0.359705805778503	0.3000000
NOTE	132	48.4796867370605	0.746577680110931	0
NOTE	133	48.6946258544922	0.573335587978363	0
NOTE	134	48.9110870361328	0.268301963806152	0
NOTE	135	49.3394660949707	0.739137828350067	0
NOTE	136	49.5620651245117	0.515942513942719	0
NOTE	137	49.9873352050781	0.331009209156036	0
NOTE	138	50.2099761962891	0.744451999664307	0.3000000
NOTE	139	50.8440437316895	0.315066695213318	0
NOTE	140	51.5141754150391	0.631791472434998	0
NOTE	141	51.9049606323242	0.341637581586838	0
NOTE	142	52.1448437869549	0.737012207508087	0
NOTE	143	52.5547866821289	0.314003854990005	0
NOTE	144	52.7540092468262	0.704064249992371	0.2459908
NOTE	145	53.6348609924316	0.273616075515747	0
NOTE	146	53.8455772399902	0.769960045814514	0
NOTE	147	54.0701332092285	0.343763262033463	0.2632001
NOTE	148	54.4988441467285	0.749766170978546	0
NOTE	149	54.7003746032715	0.568021416664124	0
NOTE	150	55.1329689025879	0.327820688486099	0
NOTE	151	55.3494338989258	0.744451999664307	0.4838995
NOTE	152	56.2023124694824	0.261924922466278	0
NOTE	153	56.4111137390137	0.654111087322235	0
NOTE	154	56.6371574401855	0.255547910928726	0.3000000
NOTE	155	57.0732002258301	0.739137828350067	0
NOTE	156	57.2881355285645	0.520193815231323	0
NOTE	157	57.7015190124512	0.276804596185684	0
NOTE	158	57.9183731079102	0.480868935585022	0
NOTE	159	58.3249130249023	0.758268892765045	0
NOTE	160	58.5681915283203	0.243856742978096	0
NOTE	161	58.7942352294922	0.76145738363266	0
NOTE	162	59.0009994506836	0.278930366039276	0
NOTE	163	59.2095947265625	0.491497337818146	0
NOTE	164	59.6536293029785	0.754017531871796	0
NOTE	165	59.8551559448242	0.527633666992188	0
NOTE	166	60.2655258178711	0.312941014766693	0
NOTE	167	60.4896545410156	0.730635106563568	0
NOTE	168	60.8881034851074	0.303375512361526	0
NOTE	169	61.1444625854492	0.684933304786682	0.3000000
NOTE	170	61.7766151428223	0.341637581586838	0
NOTE	171	62.2099723815918	0.729572296142578	0
NOTE	172	62.4091987609863	0.300186991691589	0.2076632
NOTE	173	62.8402099609375	0.717881143093109	0
NOTE	174	63.0927429199219	0.367145627737045	0.3000000
NOTE	175	63.8858070373535	0.664739370346069	0
NOTE	176	64.1195526123047	0.251296579837799	0
NOTE	177	64.3383178710938	0.504251301288605	0
NOTE	178	64.7708587646484	0.741263449192047	0
NOTE	179	64.9953689575195	0.50106281042099	0
NOTE	180	65.4145660400391	0.311878174543381	0
NOTE	181	65.6559371948242	0.731697916984558	0.3000000
NOTE	182	66.491569519043	0.256610721349716	0
NOTE	183	66.7176132202148	0.758268892765045	0
NOTE	184	66.8995971679688	0.248108088970184	0
NOTE	185	67.3532638549805	0.625414490699768	0
NOTE	186	67.5831298828125	0.315066665410995	0.3000000
NOTE	187	68.0009994506836	0.716818273067474	0
NOTE	188	68.2157211303711	0.469177782535553	0.3000000
NOTE	189	69.06591796875	0.70831561088562	0
NOTE	190	69.2766418457031	0.26617631316185	0
NOTE	191	69.4796905517578	0.732760727405548	0.1927211
NOTE	192	69.9279479980469	0.254485100507736	0
NOTE	193	70.1563415527344	0.639231383800507	0.2133916
NOTE	194	70.5624465942383	0.258736461400986	0
NOTE	195	70.7674179077148	0.643482685089111	0.2153417
NOTE	196	71.4164810180664	0.386276632547379	0.3000000
NOTE	197	72.1141967773438	0.651985347270966	0.2191366
NOTE	198	72.5314025878906	0.256610751152039	0
NOTE	199	72.7156982421875	0.484057456254959	0
NOTE	200	73.1540451049805	0.691310286521912	0
NOTE	201	73.3456039428711	0.361831396818161	0.3000000
NOTE	202	74.2099685668945	0.742326378822327	0
NOTE	203	74.416862487793	0.264050632715225	0
NOTE	204	74.640983581543	0.732760846614838	0.3000000
NOTE	205	75.0712814331055	0.257673621177673	0
NOTE	206	75.2900543212891	0.479806065559387	0
NOTE	207	75.7153091430664	0.644545495510101	0
NOTE	208	76.0009994506836	0.477680414915085	0.4990005
NOTE	209	76.7655029296875	0.727446675300598	0
NOTE	210	77.0348892211914	0.272553324699402	0
NOTE	211	77.2076797485352	0.462800830602646	0
NOTE	212	77.6383056640625	0.745514810085297	0
NOTE	213	77.8532409667969	0.530822157859802	0
NOTE	214	78.2636108398438	0.326757907867432	0
NOTE	215	78.491569519043	0.750828981399536	0.3000000
NOTE	216	79.3321914672852	0.247045308351517	0
NOTE	217	79.5563201904297	0.632854402065277	0
NOTE	218	79.7632064819336	0.257673531770706	0
NOTE	219	80.204231262207	0.761457324028015	0
NOTE	220	80.422607421875	0.299124211072922	0.2440593
NOTE	221	80.8459548950195	0.751891851425171	0
NOTE	222	81.0812454223633	0.417098850011826	0.2520879
NOTE	223	81.5314254760742	0.746577739715576	0
NOTE	224	81.7478866577148	0.423475950956345	0.2023121
NOTE	225	82.2923431396484	0.654111087322235	0.3570811
NOTE	226	82.7980651855469	0.314003825187683	0
NOTE	227	83.4509658813477	0.286370158195496	0
NOTE	228	83.0009994506836	0.677493393421173	0.3323339
NOTE	229	83.6942443847656	0.690247416496277	0.3000000
NOTE	230	84.5183868408203	0.249170944094658	0
NOTE	231	84.7061157226563	0.768897235393524	0
NOTE	232	84.9130020141602	0.250233769416809	0
NOTE	233	85.3341064453125	0.613723278045654	0
NOTE	234	85.5563278198242	0.372459769248962	0.3000000
NOTE	235	86.0009994506836	0.730635166168213	0
NOTE	236	86.2023086547852	0.522319436073303	0.4643580
NOTE	237	87.0716705322266	0.71575540304184	0
NOTE	238	87.2785568237305	0.272553294897079	0
NOTE	239	87.9222030639648	0.269364774227142	0
NOTE	240	87.4911880493164	0.721069633960724	0.3000000
NOTE	241	88.1180267333984	0.630728662014008	0.3000000
NOTE	242	88.5873489379883	0.306564003229141	0
NOTE	243	88.7884902954102	0.663676559925079	0.2115097
NOTE	244	89.6425170898438	0.278930306434631	0
NOTE	245	89.8474884033203	0.7582688331604	0
NOTE	246	90.5107269287109	0.718943953514099	0
NOTE	247	90.7367706298828	0.321443766355515	0.3000000
NOTE	248	90.0739593505859	0.311878174543381	0
NOTE	249	91.1540374755859	0.71469259262085	0
NOTE	250	91.3398590087891	0.512753963470459	0.3000000
NOTE	251	92.0009994506836	0.370334088802338	0.3000000
NOTE	252	92.6390686035156	0.640294194221497	0.3000000
NOTE	253	93.0693664550781	0.273616164922714	0
NOTE	254	93.2900466918945	0.455360919237137	0
NOTE	255	93.6999893188477	0.683870375156403	0
NOTE	256	94.0009994506836	0.373522579669952	0.4990005
NOTE	257	94.7712478637695	0.749766170978546	0
NOTE	258	95.0009994506836	0.276804625988007	0
NOTE	259	95.1942672729492	0.494685769081116	0
NOTE	260	95.6325607299805	0.744451999664307	0
NOTE	261	95.8436584472656	0.55526739358902	0
NOTE	262	96.273193359375	0.249170944094658	0
NOTE	263	96.4800796508789	0.752954661846161	0.3000000
NOTE	264	97.3417663574219	0.303375512361526	0
NOTE	265	97.5505752563477	0.730635106563568	0
NOTE	266	97.7727890014648	0.307626843452454	0.2693586
NOTE	267	98.1908187866211	0.707252740859985	0
NOTE	268	98.4187698364258	0.296998500823975	0.2478969
NOTE	269	98.8440475463867	0.703001439571381	0
NOTE	270	99.0582656860352	0.357580095529556	0.3000000
NOTE	271	99.8953857421875	0.626477301120758	0
NOTE	272	100.13143157959	0.247187033295631	0
NOTE	273	100.761665344238	0.240668281912804	0
NOTE	274	101.439476013184	0.338449031114578	0
NOTE	275	101.671257019043	0.722132444381714	0.2195308
NOTE	276	101.000999450684	0.649859726428986	0
NOTE	277	100.344062805176	0.765708684921265	0
NOTE	278	102.077796936035	0.292747110128403	0
NOTE	279	102.278938293457	0.583963930606842	0.3000000
NOTE	280	102.909172058105	0.298061341047287	0
NOTE	281	103.351348876953	0.70831561088562	0
NOTE	282	103.594627380371	0.277867466211319	0.3000000
NOTE	283	104.000999450684	0.676430583000183	0
NOTE	284	104.208061218262	0.459612250328064	0.4586055
NOTE	285	105.056343078613	0.732760787010193	0
NOTE	286	105.255569458008	0.255548000335693	0
NOTE	287	105.491188049316	0.750828981399536	0.3000000
NOTE	288	105.94709777832	0.276804625988007	0
NOTE	289	106.566276550293	0.239605441689491	0
NOTE	290	106.162086486816	0.647734045982361	0
NOTE	291	106.782745361328	0.660488069057465	0.2172546
NOTE	292	107.632942199707	0.260862082242966	0
NOTE	293	107.841743469238	0.733823657035828	0
NOTE	294	108.073959350586	0.340574711561203	0.2593740
NOTE	295	108.527969360352	0.739137828350067	0
NOTE	296	108.72144317627	0.324632287025452	0
NOTE	297	109.138717651367	0.722132444381714	0
NOTE	298	109.349433898926	0.447921127080917	0.3000000
NOTE	299	110.211891174316	0.726383805274963	0
NOTE	300	110.41877746582	0.271490395069122	0
NOTE	301	110.64673614502	0.727446675300598	0.3000000
NOTE	302	111.07511138916	0.259799242019653	0
NOTE	303	111.309211730957	0.472366273403168	0
NOTE	304	111.705741882324	0.728509485721588	0
NOTE	305	112.000999450684	0.339511871337891	0.3000000
NOTE	306	112.56819152832	0.71362978219986	0.3000000
NOTE	307	113.64022064209	0.731697976589203	0
NOTE	308	113.834083557129	0.475554764270782	0
NOTE	309	113.198104858398	0.311878174543381	0
NOTE	310	114.282768249512	0.319317996501923	0
NOTE	311	114.504974365234	0.676430523395538	0.3000000
NOTE	312	115.345603942871	0.283181637525558	0
NOTE	313	115.560150146484	0.747640430927277	0
NOTE	314	115.780448913574	0.296998471021652	0.2310463
NOTE	315	116.206146240234	0.706189930438995	0
NOTE	316	116.416862487793	0.303375482559204	0.3000000
NOTE	317	116.844039916992	0.688121795654297	0
NOTE	318	117.071670532227	0.367145627737045	0.3000000
NOTE	319	117.920288085938	0.65836238861084	0
NOTE	320	118.129516601563	0.274678975343704	0
NOTE	321	118.78849029541	0.259799301624298	0
NOTE	322	118.332572937012	0.759331703186035	0.3000000
NOTE	323	119.439460754395	0.357580065727234	0
NOTE	324	119.65592956543	0.667927920818329	0.3000000
NOTE	325	119.019950866699	0.646671175956726	0
NOTE	326	120.489654541016	0.228120997548103	0
NOTE	327	120.688873291016	0.766771614551544	0
NOTE	328	120.922576904297	0.240668219878728	0
NOTE	329	121.349433898926	0.599906444549561	0
NOTE	330	121.552490234375	0.32038089632988	0.3000000
NOTE	331	122.631416320801	0.392653673887253	0
NOTE	332	122.849784851074	0.674304842948914	0.1502151
NOTE	333	122.000999450684	0.771022915840149	0
NOTE	334	122.183151245117	0.527633666992188	0
NOTE	335	123.908790588379	0.701938569545746	0
NOTE	336	123.464378356934	0.256610751152039	0.3000000
NOTE	337	124.133346557617	0.448983877897263	0.3000000
NOTE	338	124.554786682129	0.746577680110931	0
NOTE	339	124.776992797852	0.329946398735046	0.1751138
NOTE	340	125.404983520508	0.586089551448822	0.4283499
NOTE	341	126.282768249512	0.379899621009827	0.5505651
LINK 10 11
LINK 23 24
LINK 37 38
LINK 39 40
LINK 69 70
LINK 71 72
LINK 75 76
LINK 83 84
LINK 97 98
LINK 107 108
LINK 109 110
LINK 114 115
LINK 119 120
LINK 126 127
LINK 132 133
LINK 135 136
LINK 148 149
LINK 155 156
LINK 157 158
LINK 162 163
LINK 164 165
LINK 176 177
LINK 178 179
LINK 198 199
LINK 205 206
LINK 210 211
LINK 212 213
LINK 253 254
LINK 258 259
LINK 260 261
LINK 302 303
LINK 307 308
LINK 333 334
