VERSION 2
BPM 240
PAGE_SHIFT 0
PAGE_SIZE 1
NOTE	0	0.842126727104187	0.26830193400383	0
NOTE	1	1.04868340492249	0.735949337482452	0
NOTE	2	1.21151041984558	0.380962491035461	0.3000000
NOTE	3	1.78427851200104	0.758268892765045	0
NOTE	4	1.99899995326996	0.271490484476089	0
NOTE	5	2.17549347877502	0.615848958492279	0
NOTE	6	2.37280178070068	0.403282016515732	0.3000000
NOTE	7	2.89767932891846	0.60628342628479	0
NOTE	8	3.10615181922913	0.236416906118393	0
NOTE	9	3.27472567558289	0.763583064079285	0
NOTE	10	3.4662868976593	0.2619249522686	0.3000000
NOTE	11	4.05481052398682	0.659425139427185	0
NOTE	12	4.25211811065674	0.400093466043472	0.3000000
NOTE	13	4.79040479660034	0.608409106731415	0
NOTE	14	5.00099992752075	0.25979933142662	0
NOTE	15	5.19235420227051	0.7582688331604	0
NOTE	16	5.34177207946777	0.24917097389698	0
NOTE	17	5.7229790687561	0.253422260284424	0.2770209
NOTE	18	5.54099559783936	0.749766170978546	0
NOTE	19	6.28851413726807	0.65411102771759	0
NOTE	20	6.46858263015747	0.372459769248962	0
NOTE	21	6.65248107910156	0.649859726428986	0
NOTE	22	6.83446407318115	0.37033411860466	0.1655359
NOTE	23	7.42222785949707	0.767834424972534	0
NOTE	24	7.59271717071533	0.241731057439878	0
NOTE	25	7.8034348487854	0.765368099647077	0
NOTE	26	8.00100040435791	0.354391604661942	0.3000000
NOTE	27	8.54712200164795	0.670053541660309	0
NOTE	28	8.71761226654053	0.341637551784515	0.2823877
NOTE	29	9.27472591400146	0.749766170978546	0
NOTE	30	9.49885177612305	0.230039924383163	0
NOTE	31	9.66895389556885	0.743389129638672	0
NOTE	32	9.84366226196289	0.548890352249146	0
NOTE	33	10.2157211303711	0.290621489286423	0.3000000
NOTE	34	10.7731647491455	0.767834424972534	0
NOTE	35	11.1885232925415	0.649859666824341	0
NOTE	36	10.9760122299194	0.292747169733047	0
NOTE	37	11.3590116500854	0.325695037841797	0
NOTE	38	11.5409955978394	0.646671175956726	0
NOTE	39	11.7344722747803	0.326757907867432	0.2655277
NOTE	40	12.0720500946045	0.65623664855957	0.2593673
NOTE	41	12.4934854507446	0.240668281912804	0
NOTE	42	12.6639747619629	0.756143152713776	0
NOTE	43	12.8670301437378	0.233228459954262	0
NOTE	44	13.6559314727783	0.368208467960358	0.3000000
NOTE	45	13.1942701339722	0.665802180767059	0.3000000
NOTE	46	14.3708868026733	0.774211347103119	0
NOTE	47	14.5298824310303	0.242793872952461	0
NOTE	48	14.7271900177002	0.76252019405365	0.2728100
NOTE	49	15.4528770446777	0.358642965555191	0.3000000
NOTE	50	15.8321685791016	0.683870434761047	0
NOTE	51	16.4356288909912	0.24385678768158	0
NOTE	52	16.6141681671143	0.416035979986191	0
NOTE	53	16.7942371368408	0.76358300447464	0
NOTE	54	17.0009994506836	0.355454415082932	0
NOTE	55	17.3666744232178	0.633917152881622	0
NOTE	56	17.7440509796143	0.632854342460632	0.2559490
NOTE	57	17.535249710083	0.359705746173859	0
NOTE	58	18.8287181854248	0.281055927276611	0
NOTE	59	19.0295276641846	0.765708684921265	0
NOTE	60	19.2134246826172	0.510628283023834	0.3000000
NOTE	61	19.7670383453369	0.241731062531471	0
NOTE	62	19.9643459320068	0.759331703186035	0
NOTE	63	20.1908168792725	0.380962491035461	0
NOTE	64	20.390043258667	0.637105762958527	0.3000000
NOTE	65	20.8976802825928	0.368208438158035	0
NOTE	66	21.0908260345459	0.7582688331604	0
NOTE	67	21.2957973480225	0.25979933142662	0
NOTE	68	21.4682025909424	0.741263508796692	0.3000000
NOTE	69	22.0528945922852	0.343763262033463	0
NOTE	70	22.2272148132324	0.617974698543549	0.3000000
NOTE	71	22.7808265686035	0.338449060916901	0
NOTE	72	23.0009994506836	0.698750078678131	0
NOTE	73	23.1866075098515	0.237479746341705	0
NOTE	74	23.3321952819824	0.701938629150391	0
NOTE	75	23.5199241638184	0.241731077432632	0
NOTE	76	23.7248954772949	0.701938688755035	0.2751045
NOTE	77	24.2655277252197	0.350140273571014	0
NOTE	78	24.464750289917	0.638168573379517	0
NOTE	79	24.6678066253662	0.355454385280609	0
NOTE	80	24.8306331634521	0.634979963302612	0
NOTE	81	25.4107341766357	0.235354110598564	0
NOTE	82	25.594633102417	0.7582688331604	0
NOTE	83	25.7823619842529	0.235354110598564	0
NOTE	84	26.0009994506836	0.692373096942902	0.3000000
NOTE	85	26.5624485015869	0.361831456422806	0
NOTE	86	26.7271900177002	0.694498717784882	0.2689788
NOTE	87	27.2862205505371	0.244919523596764	0
NOTE	88	27.5026836395264	0.759331703186035	0
NOTE	89	27.6789207458496	0.244919523596764	0
NOTE	90	27.8494091033936	0.759331703186035	0
NOTE	91	28.0567264556885	0.337386190891266	0
NOTE	92	28.2080593109131	0.647734045982361	0.3000000
NOTE	93	28.7750797271729	0.327820688486099	0
NOTE	94	28.9551486968994	0.633917152881622	0
NOTE	95	29.1693668365479	0.228977024555206	0
NOTE	96	29.3475189208984	0.766771495342255	0
NOTE	97	29.5122604370117	0.230039864778519	0
NOTE	98	29.7057399749756	0.76145738363266	0.2636117
NOTE	99	30.481990814209	0.758268892765045	0
NOTE	100	30.1295204162598	0.271490484476089	0
NOTE	101	30.6658897399902	0.244919627904892	0
NOTE	102	30.8382949829102	0.76039457321167	0
NOTE	103	31.6444396972656	0.673242092132568	0.3000000
NOTE	104	31.2153416872025	0.3756482899189	0.2846584
NOTE	105	32.3555641174316	0.266176253557205	0
NOTE	106	32.5337142944336	0.777399897575378	0
NOTE	107	32.7042045593262	0.256610810756683	0.2708944
NOTE	108	33.4509620666504	0.637105643749237	0
NOTE	109	33.8206751942635	0.301249831914902	0.1793248
NOTE	110	34.3896560668945	0.754017531871796	0
NOTE	111	34.5643615722656	0.60415780544281	0
NOTE	112	34.7655029296875	0.290621519088745	0
NOTE	113	35.0009994506836	0.664739370346069	0.3000000
NOTE	114	35.5295028686523	0.290621489286423	0
NOTE	115	35.7497975230217	0.678556203842163	0.2502025
NOTE	116	36.8325462341309	0.256610721349716	0
NOTE	117	37.0333595275879	0.629665791988373	0
NOTE	118	37.2057609558105	0.371396958827972	0.3000000
NOTE	119	37.7766151428223	0.648796856403351	0
NOTE	120	37.9605140686035	0.383088141679764	0
NOTE	121	38.1774063110352	0.777399897575378	0
NOTE	122	38.3919563293457	0.26830193400383	0.4222196
NOTE	123	39.0927429199219	0.665802180767059	0
NOTE	124	39.458625793457	0.331349597905493	0
NOTE	125	39.6827507019043	0.63923132491923	0
NOTE	126	39.8781433105469	0.324632227420807	0
NOTE	127	40.244457244873	0.765708684921265	0
NOTE	128	40.5873527526855	0.247045278549194	0.3000000
NOTE	129	41.3819999694824	0.75933164358139	0
NOTE	130	41.5486602783203	0.243856713175774	0
NOTE	131	41.7478828430176	0.767834365367889	0.2521172
NOTE	132	42.526050567627	0.360768556594849	0
NOTE	133	42.8727760314941	0.637105643749237	0
NOTE	134	43.0525131225586	0.240668252110481	0
NOTE	135	43.2383270263672	0.76145738363266	0
NOTE	136	43.598461151123	0.245982378721237	0
NOTE	137	43.9681777954102	0.749766170978546	0
NOTE	138	44.1505889892578	0.367145568132401	0
NOTE	139	44.3440704345703	0.626477301120758	0.2363853
NOTE	140	44.7291030883789	0.349077373743057	0
NOTE	141	45.0927429199219	0.600969254970551	0.3000000
NOTE	142	45.8360023498535	0.249170958995819	0
NOTE	143	46.0624732971191	0.70937842130661	0
NOTE	144	46.7789115905762	0.648796856403351	0
NOTE	145	46.2329597473145	0.366082757711411	0.3000000
NOTE	146	46.9608955383301	0.362894266843796	0
NOTE	147	47.1617050170898	0.76358300447464	0
NOTE	148	47.3417701721191	0.264050632715225	0.3000000
NOTE	149	48.1333503723145	0.644545495510101	0
NOTE	150	48.4800758361816	0.357580095529556	0
NOTE	151	48.6946220397949	0.626477301120758	0
NOTE	152	48.8670272827148	0.349077373743057	0
NOTE	153	49.632942199707	0.264050632715225	0.3000000
NOTE	154	49.2038459777832	0.743389129638672	0.2540092
NOTE	155	50.3651390075684	0.651985347270966	0
NOTE	156	50.5413780212402	0.352265864610672	0
NOTE	157	50.7405992150307	0.642419815063477	0.2594008
NOTE	158	51.8915557861328	0.734886467456818	0
NOTE	159	51.4720306396484	0.247045204043388	0.2061297
NOTE	160	52.0758819580078	0.340574741363525	0
NOTE	161	52.5854339599609	0.329946368932724	0.3000000
NOTE	162	52.2597805261612	0.619037449359894	0
NOTE	163	53.0009994506836	0.646671175956726	0.3000000
NOTE	164	53.552490234375	0.239605456590652	0
NOTE	165	53.7459678649902	0.761457369652589	0
NOTE	166	53.9126243591309	0.243005075242991	0
NOTE	167	54.1295166015625	0.653048157691956	0
NOTE	168	54.2904319763184	0.34801459312439	0
NOTE	169	54.478157043457	0.648796856403351	0
NOTE	170	54.6524810791016	0.34801459312439	0
NOTE	171	54.8325462341309	0.638168513774872	0
NOTE	172	55.0410232543945	0.238542541861534	0
NOTE	173	55.2613143920898	0.750828981399536	0.2386856
NOTE	174	55.7708702087402	0.247045263648033	0
NOTE	175	55.9605140686035	0.747640430927277	0
NOTE	176	56.1525077819824	0.386276662349701	0
NOTE	177	56.3364067077637	0.639231383800507	0.4969267
NOTE	178	57.493106842041	0.749766170978546	0
NOTE	179	57.0946617126465	0.252721241528167	0.2310117
NOTE	180	57.6750869750977	0.249170936010447	0
NOTE	181	57.8589859008789	0.746215865460826	0.1410141
NOTE	182	58.2214660644531	0.34907740354538	0
NOTE	183	58.566276550293	0.607346296310425	0.3000000
NOTE	184	59.3781700134277	0.290621519088745	0
NOTE	185	59.542911529541	0.733823657035828	0
NOTE	186	59.7517127990723	0.29593563079834	0.2482872
NOTE	187	60.4264373779297	0.672179162502289	0.2325656
NOTE	188	60.8689460754395	0.419224500656128	0
NOTE	189	61.0410232543945	0.7582688331604	0
NOTE	190	61.2095947265625	0.257673472166061	0.2367604
NOTE	191	61.583137512207	0.764645874500275	0.2195448
NOTE	192	62.0009994506836	0.306563973426819	0
NOTE	193	62.2118902206421	0.628602981567383	0
NOTE	194	62.4053688049316	0.300186961889267	0
NOTE	195	62.7693328857422	0.594592273235321	0.2306666
NOTE	196	63.0984916687012	0.328883558511734	0.4015083
NOTE	197	63.8417472839355	0.745514810085297	0
NOTE	198	64.0452270507813	0.340574771165848	0
NOTE	199	64.2406234741211	0.622225880622864	0.3000000
NOTE	200	64.7846603393555	0.342700392007828	0
NOTE	201	64.9666366577148	0.617974638938904	0
NOTE	202	65.1540451049805	0.224725723266602	0
NOTE	203	65.3398590087891	0.754017531871796	0.3000000
NOTE	204	66.0912094116211	0.287432968616486	0
NOTE	205	66.4701156616211	0.740200638771057	0
NOTE	206	66.6563110351563	0.60415780544281	0
NOTE	207	66.8306350708008	0.302312672138214	0.1693649
NOTE	208	67.2574844360352	0.682807564735413	0.2425156
NOTE	209	67.6367797851563	0.325695037841797	0.3000000
NOTE	210	68.3360214233398	0.75720602273941	0
NOTE	211	68.527961730957	0.616911828517914	0
NOTE	212	68.7099456787109	0.264050632715225	0.2900543
NOTE	213	69.4509658813477	0.734886467456818	0.2157008
NOTE	214	69.8149337768555	0.277867496013641	0.1850662
NOTE	215	70.4145584106445	0.75720602273941	0
NOTE	216	70.6007614135742	0.577586948871613	0
NOTE	217	70.7942352294922	0.259799271821976	0
NOTE	218	71.0009994506836	0.752954661846161	0.3000000
NOTE	219	71.5601501464844	0.253422319889069	0
NOTE	220	71.7440567016602	0.76358300447464	0
NOTE	221	71.9356079101563	0.253422319889069	0
NOTE	222	72.1007843017578	0.621163129806519	0
NOTE	223	72.2770233154297	0.334197700023651	0
NOTE	224	72.4685821533203	0.621163129806519	0
NOTE	225	72.6620559692383	0.325695037841797	0
NOTE	226	72.8344650268555	0.621163129806519	0
NOTE	227	73.0448532104492	0.242793887853622	0
NOTE	228	73.2153472900391	0.771022856235504	0.3000000
NOTE	229	73.770866394043	0.258736431598663	0
NOTE	230	73.9413604736328	0.768897175788879	0
NOTE	231	74.1620864868164	0.391590774059296	0
NOTE	232	74.3364105224609	0.645608305931091	0.3000000
NOTE	233	74.8861846923828	0.403281927108765	0
NOTE	234	75.0869979858398	0.754017472267151	0
NOTE	235	75.2957992553711	0.247045293450356	0
NOTE	236	75.4701232910156	0.764645874500275	0.3000000
NOTE	237	76.0009994506836	0.435565598541871	0
NOTE	238	76.2463684082031	0.664739370346069	0.3000000
NOTE	239	76.8057327270508	0.420287377433851	0
NOTE	240	77.0009994506836	0.73562401898257	0
NOTE	241	77.1827774047852	0.250074632811966	0
NOTE	242	77.3360214233398	0.74976616930487	0
NOTE	243	77.5160903930664	0.230039864778519	0
NOTE	244	77.7287216186523	0.755080342292786	0.3000000
NOTE	245	78.2559432983398	0.355454385280609	0
NOTE	246	78.4647521972656	0.668990731239319	0
NOTE	247	78.6543960571289	0.341637551784515	0
NOTE	248	78.8421249389648	0.684933185577393	0.1961899
NOTE	249	79.3915786743164	0.253422290086746	0
NOTE	250	79.6061248779297	0.761457324028015	0
NOTE	251	79.7727890014648	0.242793917655945	0
NOTE	252	80.0009994506836	0.677493453025818	0.3000000
NOTE	253	80.5432968139648	0.390527963638306	0
NOTE	254	80.7329330444336	0.678556263446808	0.2728100
NOTE	255	81.3245315551758	0.245982393622398	0
NOTE	256	81.4988632202148	0.768897175788879	0
NOTE	257	81.696159362793	0.238542586565018	0
NOTE	258	81.8570785522461	0.768897175788879	0
NOTE	259	82.0509796142578	0.346951752901077	0
NOTE	260	82.2099761962891	0.623288807303114	0.3000000
NOTE	261	82.7674179077148	0.355454415082932	0
NOTE	262	82.9817581176758	0.698750138282776	0
NOTE	263	83.1731948852539	0.235354065895081	0
NOTE	264	83.3628387451172	0.765708684921265	0
NOTE	265	83.5256729125977	0.23960542678833	0
NOTE	266	83.7172317504883	0.765708684921265	0.2157110
NOTE	267	84.4647521972656	0.656236708164215	0
NOTE	268	84.1103591918945	0.376541071517869	0
NOTE	269	84.6448211669922	0.367145619562672	0
NOTE	270	84.8344650268555	0.647563983282495	0.1617045
NOTE	271	85.2440719604492	0.26511338353157	0.2540131
NOTE	272	85.6540298461914	0.756143152713776	0.3000000
NOTE	273	86.3325729370117	0.380962431430817	0
NOTE	274	86.5241317749023	0.65836238861084	0
NOTE	275	86.7156982421875	0.365019917488098	0.3000000
NOTE	276	87.4203033447266	0.728509426116943	0.2329509
NOTE	277	87.8321685791016	0.318255186080933	0.2099746
NOTE	278	88.4126434326172	0.730635106563568	0
NOTE	279	88.5586166381836	0.546764731407166	0
NOTE	280	88.7884826660156	0.28955864906311	0
NOTE	281	89.0009994506836	0.708315670490265	0.2480443
NOTE	282	89.5314178466797	0.255978501727171	0
NOTE	283	89.7383117675781	0.76145738363266	0
NOTE	284	89.9068756103516	0.243856744976597	0
NOTE	285	90.0892868041992	0.673242092132568	0
NOTE	286	90.2751083374023	0.389465153217316	0
NOTE	287	90.4628295898438	0.671116411685944	0
NOTE	288	90.6505661010742	0.338449090719223	0
NOTE	289	90.8191375732422	0.667927920818329	0
NOTE	290	91.0199508666992	0.248108103871346	0
NOTE	291	91.2210922241211	0.76358300447464	0.3000000
NOTE	292	91.8164672851563	0.252359360456467	0
NOTE	293	91.966438293457	0.462800770998001	0
NOTE	294	92.1601715087891	0.750829041004181	0
NOTE	295	92.322998046875	0.269364774227142	0.3000000
NOTE	296	92.9034271240234	0.743389129638672	0
NOTE	297	93.0889053344727	0.377773970365524	0
NOTE	298	93.284309387207	0.630728721618652	0
NOTE	299	93.5160903930664	0.384150981903076	0.3000000
NOTE	300	94.0624771118164	0.742326378822327	0
NOTE	301	94.5969314575195	0.752954661846161	0
NOTE	302	94.7999801635742	0.240668267011642	0
NOTE	303	94.9742965698242	0.751891851425171	0
NOTE	304	94.2214660644531	0.270427614450455	0.2172318
NOTE	305	95.1578733026981	0.374585449695587	0
NOTE	306	95.3494345545769	0.624351616933865	0
NOTE	307	95.533332824707	0.382078458581322	0
NOTE	308	95.7363891601563	0.614786148071289	0.2616962
NOTE	309	96.2827682495117	0.248108074069023	0
NOTE	310	96.4590072631836	0.755080342292786	0
NOTE	311	96.6275787353516	0.242793887853622	0
NOTE	312	96.8306350708008	0.743389189243317	0.1885231
NOTE	313	97.4049873352051	0.353328704833984	0
NOTE	314	97.5888824462891	0.689184665679932	0
NOTE	315	97.7747039794922	0.368208438158035	0
NOTE	316	98.0009994506836	0.75933164358139	0.2442144
NOTE	317	98.527961730957	0.244919568300247	0
NOTE	318	98.7195281982422	0.761457341571852	0.2651476
NOTE	319	99.2881393432617	0.403281927108765	0
NOTE	320	99.4796981811523	0.665802240371704	0
NOTE	321	99.657844543457	0.412847459316254	0
NOTE	322	99.8398284912109	0.672179222106934	0
NOTE	323	100.037567138672	0.269364833831787	0
NOTE	324	100.221466064453	0.764645874500275	0.3000000
NOTE	325	100.76358795166	0.252359449863434	0
NOTE	326	100.947486877441	0.750829041004181	0
NOTE	327	101.171282589436	0.380962461233139	0
NOTE	328	101.368591308594	0.646671175956726	0
NOTE	329	101.535247802734	0.388402283191681	0
NOTE	330	101.722984313965	0.66048800945282	0.2406133
NOTE	331	102.110359191895	0.308689624071121	0.2133916
NOTE	332	102.470497131348	0.751891911029816	0
NOTE	333	102.627578735352	0.264050602912903	0
NOTE	334	102.815307617188	0.752954661846161	0.2766418
NOTE	335	103.201934814453	0.379899621009827	0.2348480
NOTE	336	103.634857177734	0.625414490699768	0.3000000
NOTE	337	104.322998046875	0.259799271821976	0
NOTE	338	104.516471862793	0.75614321231842	0
NOTE	339	104.729105591774	0.251296609640121	0.2708944
NOTE	340	105.48161315918	0.729572415351868	0.2195384
NOTE	341	105.832168579102	0.304438352584839	0.1659155
NOTE	342	106.420303344727	0.764645874500275	0
NOTE	343	106.570114135742	0.622225999832153	0
NOTE	344	106.786575317383	0.272553324699402	0
NOTE	345	107.000999450684	0.716818273067474	0.2518819
NOTE	346	107.50651550293	0.37671110033989	0
NOTE	347	107.699989318848	0.661550879478455	0
NOTE	348	107.891548156738	0.383088111877441	0
NOTE	349	108.10270690918	0.764645874500275	0
NOTE	350	108.27702331543	0.242793872952461	0
NOTE	351	108.455172985792	0.760394513607025	0
NOTE	352	108.660140991211	0.242793917655945	0
NOTE	353	108.83446419239	0.759331703186035	0
NOTE	354	109.023780822754	0.390527993440628	0
NOTE	355	109.226837158203	0.639231324195862	0.3000000
NOTE	356	110.000999450684	0.427727192640305	0.2308095
NOTE	357	110.393486022949	0.728509426116943	0
NOTE	358	110.552871704102	0.597780704498291	0
NOTE	359	110.742514848709	0.326757907867432	0.2574852
NOTE	360	111.167449951172	0.741263508796692	0.2041906
NOTE	361	111.529502868652	0.270427644252777	0.3000000
NOTE	362	112.200386047363	0.739137828350067	0.2114843
NOTE	363	112.579689025879	0.277867466211319	0
NOTE	364	112.790016174316	0.758268892765045	0
NOTE	365	112.993453979492	0.569084227085114	0
NOTE	366	113.328353881836	0.391590803861618	0.2252808
NOTE	367	113.734466552734	0.617974638938904	0.3000000
NOTE	368	114.893844604492	0.732760787010193	0
NOTE	369	115.090438842773	0.262987703084946	0
NOTE	370	115.23641204834	0.459612220525742	0
NOTE	371	114.46858215332	0.281055986881256	0
NOTE	372	115.638694763184	0.698750078678131	0.2329534
NOTE	373	116.000999450684	0.352265924215317	0.2518743
NOTE	374	116.531799316406	0.673242032527924	0
NOTE	375	116.715309143066	0.327820718288422	0
NOTE	376	116.903427124023	0.47768047451973	0
NOTE	377	117.100402832031	0.740200698375702	0
NOTE	378	117.301544189453	0.249170929193497	0
NOTE	379	117.510345458984	0.756143152713776	0
NOTE	380	117.678916931152	0.249170929193497	0
NOTE	381	117.864730834961	0.75614321231842	0
NOTE	382	118.050979614258	0.366082727909088	0
NOTE	383	118.232963562012	0.634980022907257	0
NOTE	384	118.413024902344	0.366082727909088	0
NOTE	385	118.623748779297	0.634980022907257	0
NOTE	386	118.796157836914	0.366082727909088	0
NOTE	387	118.976219177246	0.634980022907257	0
NOTE	388	119.360542297363	0.252359449863434	0
NOTE	389	119.514175415039	0.420287311077118	0
NOTE	390	119.715316772461	0.731697976589203	0.2367932
NOTE	391	120.12377166748	0.326757848262787	0.2114767
NOTE	392	120.470497131348	0.615848948175881	0
NOTE	393	120.662063598633	0.323569416999817	0
NOTE	394	120.865104675293	0.607899881105709	0
NOTE	395	121.052520751953	0.236416861414909	0
NOTE	396	121.596549987793	0.262987792491913	0
NOTE	397	121.784278869629	0.747640490531921	0
NOTE	398	121.972015380859	0.262987792491913	0
NOTE	399	121.215339660645	0.750828981399536	0
NOTE	400	122.342147827148	0.661550879478455	0.2134018
NOTE	401	122.698455810547	0.399030655622482	0.2364019
NOTE	402	123.441383361816	0.750829041004181	0.2463557
NOTE	403	123.816848754883	0.301249831914902	0.1774092
NOTE	404	124.435623168945	0.673242030910277	0
NOTE	405	124.610328674316	0.506864964962006	0
NOTE	406	124.790405273438	0.281055986881256	0
NOTE	407	125.000999450684	0.70725280046463	0.2499593
NOTE	408	125.481620788574	0.350140205131368	0
NOTE	409	125.67700958252	0.660488069057465	0
NOTE	410	125.895385742188	0.354719996452332	0
NOTE	411	126.089294433594	0.750828981399536	0
NOTE	412	126.271270751953	0.258736431598663	0
NOTE	413	126.447510540485	0.744451999664307	0
NOTE	414	126.650566101074	0.245982468128204	0
NOTE	415	126.844047546387	0.726383745670319	0
NOTE	416	127.025695800781	0.372459769248962	0
NOTE	417	127.205764770508	0.592466652393341	0.4072673
NOTE	418	128.353256225586	0.747640490531921	0
NOTE	419	128.52604675293	0.536136388778687	0
NOTE	420	128.721450805664	0.264050632715225	0.2881349
NOTE	421	127.999000549316	0.426664352416992	0
NOTE	422	129.134887695313	0.710441291332245	0.2156880
NOTE	423	129.491195678711	0.382025301456451	0.3708700
NOTE	424	130.229125976563	0.726383864879608	0
NOTE	425	130.573940932751	0.281055957078934	0
NOTE	426	130.767028808594	0.735949337482452	0
NOTE	427	130.951324462891	0.60415780544281	0
NOTE	428	131.336029052734	0.402219176292419	0.2463379
NOTE	429	131.749801635742	0.651985347270966	0.2291158
NOTE	430	132.453262329102	0.279993146657944	0.2134044
NOTE	431	132.872787475586	0.723195314407349	0
NOTE	432	133.105773925781	0.270427614450455	0
NOTE	433	133.291976928711	0.44898384809494	0
NOTE	434	133.619537353516	0.759331703186035	0
NOTE	435	133.96435546875	0.392653614282608	0
NOTE	436	134.185073852539	0.685996055603027	0
NOTE	437	134.340240478516	0.355454415082932	0
NOTE	438	134.537551879883	0.685996055603027	0
NOTE	439	134.719528198242	0.345888912677765	0
NOTE	440	134.891937255859	0.679619073867798	0
NOTE	441	135.100402832031	0.239605382084847	0
NOTE	442	135.299621582031	0.760394513607025	0
NOTE	443	135.514175415039	0.239605382084847	0
NOTE	444	135.677001953125	0.760394513607025	0
NOTE	445	135.868560791016	0.239605382084847	0
NOTE	446	136.064392089844	0.66155081994826	0
NOTE	447	136.221466064453	0.34907740354538	0
NOTE	448	136.422607421875	0.66155081994826	0
NOTE	449	136.614166259766	0.34907740354538	0
NOTE	450	136.815307617188	0.66155081994826	0
NOTE	451	136.981966376305	0.34907740354538	0
NOTE	452	137.385818481445	0.7678342461586	0
NOTE	453	137.559768676758	0.247045159339905	0
NOTE	454	137.724899291992	0.405407637357712	0
NOTE	455	138.125686645508	0.644545614719391	0
NOTE	456	138.462829589844	0.358779740364767	0
NOTE	457	138.656311035156	0.644545614719391	0
NOTE	458	138.845947265625	0.348014559088229	0
NOTE	459	139.019958496094	0.757206082344055	0
NOTE	460	139.213424682617	0.241731107234955	0
NOTE	461	139.567810058594	0.764645874500275	0
NOTE	462	139.778518676758	0.241731107234955	0
NOTE	463	140.001007080078	0.645608425490519	0.2269643
NOTE	464	140.405380249023	0.410721778869629	0.1827495
NOTE	465	140.79231262207	0.61298526996244	0.2517383
NOTE	466	141.472030639648	0.283181607723236	0.1946360
NOTE	467	141.845581054688	0.722132444381714	0.1678311
NOTE	468	142.450958251953	0.301249861717224	0
NOTE	469	142.583511352539	0.454298108816147	0
NOTE	470	142.798065185547	0.727446615695953	0
NOTE	471	143.009979248047	0.235619738698006	0
NOTE	472	143.097994720308	0.229508429765701	0
NOTE	473	143.186010192569	0.23402538895607	0
NOTE	474	143.274025664829	0.237479776144028	0
NOTE	475	143.36204113709	0.241996794939041	0
NOTE	476	143.450056609351	0.244388103485107	0
NOTE	477	143.538072081612	0.251030772924423	0
NOTE	478	143.626087525019	0.273616045713425	0
NOTE	479	143.714103026134	0.300452709197998	0
NOTE	480	143.802118469541	0.330477774143219	0
NOTE	481	143.890133970655	0.365817010402679	0
NOTE	482	143.978149414063	0.404344767332077	0
NOTE	483	144.001007080078	0.526570856571198	0
NOTE	484	144.083602907735	0.584640264511108	0
NOTE	485	144.166198735392	0.617878019809723	0
NOTE	486	144.248794563049	0.636912405490875	0
NOTE	487	144.331390390706	0.65034282207489	0
NOTE	488	144.413986218362	0.66000497341156	0
NOTE	489	144.496582046019	0.667058289051056	0
NOTE	490	144.579177846599	0.662903606891632	0
NOTE	491	144.661773701333	0.644642114639282	0
NOTE	492	144.744369501913	0.632564425468445	0
NOTE	493	144.826965356647	0.616235435009003	0
NOTE	494	144.909561157227	0.580775380134583	0
NOTE	495	145.117645263672	0.245982483029366	0
NOTE	496	145.291976928711	0.55280476808548	0.2444305
NOTE	497	145.784271240234	0.245982483029366	0
NOTE	498	146.173583984375	0.380962461233139	0
NOTE	499	145.96435546875	0.626477360725403	0
NOTE	500	146.328735351563	0.717881143093109	0
NOTE	501	146.535629272461	0.359705746173859	0
NOTE	502	146.740599215031	0.703001439571381	0
NOTE	503	146.905334472656	0.355454385280609	0
NOTE	504	147.104232788086	0.76145738363266	0
NOTE	505	147.313049316406	0.253422260284424	0
NOTE	506	147.466293334961	0.731697976589203	0.2233531
NOTE	507	147.851333618164	0.283181667327881	0.1544218
NOTE	508	148.221466064453	0.647733986377716	0
NOTE	509	148.407287597656	0.367145627737045	0
NOTE	510	148.591186523438	0.647733986377716	0
NOTE	511	148.769332885742	0.367145627737045	0
NOTE	512	148.974304199219	0.647733986377716	0
NOTE	513	149.157867431641	0.243856728076935	0
NOTE	514	149.35710144043	0.75720602273941	0
NOTE	515	149.537170410156	0.244919568300247	0
NOTE	516	149.742156982422	0.751891791820526	0.2080590
NOTE	517	150.282760620117	0.391590863466263	0
NOTE	518	150.457092285156	0.643482625484467	0
NOTE	519	150.658233642578	0.382025301456451	0
NOTE	520	150.836395263672	0.633917152881622	0
NOTE	521	151.054428100586	0.243856728076935	0
NOTE	522	151.226835370064	0.766771554946899	0
NOTE	523	151.404983520508	0.244919568300247	0
NOTE	524	151.592712402344	0.766771554946899	0
NOTE	525	151.774703979492	0.244919568300247	0
NOTE	526	151.954772949219	0.766771554946899	0
NOTE	527	152.156341552734	0.397967845201492	0
NOTE	528	152.347900390625	0.626477301120758	0.2191467
NOTE	529	152.744430541992	0.371396899223328	0.2229971
NOTE	530	153.650192260742	0.253422230482101	0
NOTE	531	153.100402832031	0.726383805274963	0.2271779
NOTE	532	153.860900878906	0.742326319217682	0
NOTE	533	154.031814575195	0.384150952100754	0
NOTE	534	154.215728759766	0.638168513774872	0.3000000
NOTE	535	154.753997802734	0.377773880958557	0
NOTE	536	154.966644287109	0.636042833328247	0
NOTE	537	155.159790039063	0.244919568300247	0
NOTE	538	155.374328613281	0.7582688331604	0
NOTE	539	155.529495239258	0.238542586565018	0
NOTE	540	155.724884033203	0.755080342292786	0.2482910
NOTE	541	156.085464477539	0.362894326448441	0.2095540
NOTE	542	156.462844848633	0.645608305931091	0
NOTE	543	156.644805908203	0.362894237041473	0
NOTE	544	156.838302612305	0.636042773723602	0
NOTE	545	157.230667114258	0.260862082242966	0.2559204
NOTE	546	157.634860813618	0.722132444381714	0.3000000
NOTE	547	158.347900390625	0.376711159944534	0
NOTE	548	158.531814575195	0.650922536849976	0
NOTE	549	158.7099609375	0.360768646001816	0
NOTE	550	158.907257080078	0.638168513774872	0
NOTE	551	159.117645263672	0.250233769416809	0
NOTE	552	159.282379150391	0.76145738363266	0
NOTE	553	159.475864976645	0.267239153385162	0
NOTE	554	159.837921142578	0.76464581489563	0
NOTE	555	160.029907226563	0.378836750984192	0
NOTE	556	160.213806152344	0.643482685089111	0
NOTE	557	160.437545776367	0.360768526792526	0
NOTE	558	160.572021484375	0.528696537017822	0
NOTE	559	160.761672973633	0.673242032527924	0
NOTE	560	160.968566894531	0.336323380470276	0
NOTE	561	161.339874267578	0.744451940059662	0
NOTE	562	161.537170410156	0.241731077432632	0
NOTE	563	161.734481811523	0.756143152713776	0
NOTE	564	161.903045654297	0.241731077432632	0
NOTE	565	162.102691650391	0.6530482172966	0
NOTE	566	162.278945922852	0.379899635962662	0
NOTE	567	162.472412109375	0.647404604720165	0
NOTE	568	162.646734237671	0.366082757711411	0
NOTE	569	162.840225219727	0.632854342460632	0
NOTE	570	163.048690795898	0.234291195869446	0
NOTE	571	163.20768737793	0.76252019405365	0
NOTE	572	163.391571044922	0.235354036092758	0
NOTE	573	163.59846496582	0.76252019405365	0
NOTE	574	163.768951416016	0.234291195869446	0
NOTE	575	163.968185424805	0.75720602273941	0
NOTE	576	164.156326293945	0.373522609472275	0
NOTE	577	164.330657958984	0.656236708164215	0
NOTE	578	164.535629272461	0.373522609472275	0
NOTE	579	164.746353149414	0.66048800945282	0
NOTE	580	164.888092041016	0.373522609472275	0
NOTE	581	165.098480224609	0.76358300447464	0
NOTE	582	165.301544189453	0.248107999563217	0
NOTE	583	165.47395324707	0.76358300447464	0
NOTE	584	165.669342041016	0.248107999563217	0
NOTE	585	165.849411010742	0.76358300447464	0
NOTE	586	166.001007080078	0.380962491035461	0
NOTE	587	166.219552636147	0.630728662014008	0
NOTE	588	166.422607421875	0.37671110033989	0
NOTE	589	166.596923828125	0.640294194221497	0
NOTE	590	166.796142578125	0.370334088802338	0
NOTE	591	166.989624023438	0.633917212486267	0
NOTE	592	167.173187255859	0.24385678768158	0
NOTE	593	167.347518920898	0.75614321231842	0
NOTE	594	167.539093017578	0.247045308351517	0
NOTE	595	167.717232108116	0.75720602273941	0
NOTE	596	167.908798217773	0.244919627904892	0
NOTE	597	168.114196777344	0.647734045982361	0
NOTE	598	168.303833007813	0.373522609472275	0
NOTE	599	168.460922241211	0.647734045982361	0
NOTE	600	168.640991210938	0.373522609472275	0
NOTE	601	168.84211730957	0.647734045982361	0
NOTE	602	169.044845581055	0.252359449863434	0
NOTE	603	169.215347290039	0.760394513607025	0
NOTE	604	169.391586303711	0.252359449863434	0
NOTE	605	169.586970508099	0.760394513607025	0
NOTE	606	169.767028808594	0.252359449863434	0
NOTE	607	169.939437866211	0.760394513607025	0
NOTE	608	170.152496337891	0.378836750984192	0
NOTE	609	170.332565307617	0.659425139427185	0
NOTE	610	170.547119140625	0.375648260116577	0
NOTE	611	170.715698242188	0.648796856403351	0
NOTE	612	170.949401855469	0.377773940563202	0
NOTE	613	171.111877441406	0.747640550136566	0
NOTE	614	171.28239440918	0.247045248746872	0
NOTE	615	171.45671081543	0.742326319217682	0
NOTE	616	171.652099609375	0.240668222308159	0
NOTE	617	171.847503662109	0.752954661846161	0
NOTE	618	172.016326904297	0.358642905950546	0
NOTE	619	172.208068847656	0.647733986377716	0
NOTE	620	172.409194946289	0.358642905950546	0
NOTE	621	172.577774047852	0.647733986377716	0
NOTE	622	172.773178100586	0.358642905950546	0
NOTE	623	172.964721679688	0.647733986377716	0
NOTE	624	173.150207519531	0.242793902754784	0
NOTE	625	173.351348876953	0.76570862531662	0
NOTE	626	173.544830322266	0.242793902754784	0
NOTE	627	173.717239379883	0.76570862531662	0.3000000
NOTE	628	174.102691650391	0.393716484308243	0.1999868
NOTE	629	174.460922241211	0.668990731239319	0
NOTE	630	174.652465820313	0.329946368932724	0
NOTE	631	174.81721496582	0.66048800945282	0
NOTE	632	175.242156982422	0.248108118772507	0.2578430
NOTE	633	175.659774780273	0.742326378822327	0.3000000
NOTE	634	176.332565307617	0.391590803861618	0
NOTE	635	176.522216796875	0.656236708164215	0
NOTE	636	176.721450805664	0.384150952100754	0
NOTE	637	176.895767211914	0.653048157691956	0
NOTE	638	177.109985351563	0.247045278549194	0
NOTE	639	177.305389404297	0.752954661846161	0
NOTE	640	177.466293334961	0.247045278549194	0
NOTE	641	177.652114868164	0.752954661846161	0
NOTE	642	177.820678710938	0.247045278549194	0
NOTE	643	178.033737182617	0.649859666824341	0
NOTE	644	178.221466064453	0.373522609472275	0
NOTE	645	178.405364990234	0.656236708164215	0
NOTE	646	178.587356567383	0.37458547949791	0
NOTE	647	178.750177264214	0.65836238861084	0
NOTE	648	178.968551635742	0.369271278381348	0
NOTE	649	179.163604736328	0.745514869689941	0
NOTE	650	179.343688964844	0.262987792491913	0
NOTE	651	179.54866027832	0.745514869689941	0
NOTE	652	179.742141723633	0.262987792491913	0
NOTE	653	179.90495300293	0.745514869689941	0
NOTE	654	180.095031738281	0.397967845201492	0.4049683
NOTE	655	180.822967529297	0.6052206158638	0
NOTE	656	181.035278320313	0.329946398735046	0
NOTE	657	181.232574462891	0.732760787010193	0
NOTE	658	181.690414428711	0.264050602912903	0
NOTE	659	182.148681640625	0.66048800945282	0
NOTE	660	182.602676391602	0.403282016515732	0
NOTE	661	183.092727661133	0.725320994853973	0
NOTE	662	183.331802368164	0.266176253557205	0
NOTE	663	183.485443115234	0.419224500656128	0
NOTE	664	183.795776367188	0.738075017929077	0
NOTE	665	184.043304443359	0.355454444885254	0
NOTE	666	184.290420532227	0.656236708164215	0
NOTE	667	184.495400846004	0.355454444885254	0
NOTE	668	184.731018066406	0.656236708164215	0
NOTE	669	184.955139160156	0.355454444885254	0
NOTE	670	185.173202514648	0.743389189243317	0
NOTE	671	185.44905090332	0.318255186080933	0.3000000
NOTE	672	186.290430307388	0.676430583000183	0.3000000
NOTE	673	187.222991943359	0.50212562084198	0.3000000
LINK 31 32
LINK 51 52
LINK 110 111
LINK 205 206
LINK 210 211
LINK 215 216
LINK 278 279
LINK 292 293
LINK 342 343
LINK 357 358
LINK 364 365
LINK 369 370
LINK 375 376
LINK 388 389
LINK 404 405
LINK 418 419
LINK 426 427
LINK 432 433
LINK 453 454
LINK 468 469
LINK 471 472 473 474 475 476 477 478 479 480 481 482
LINK 483 484 485 486 487 488 489 490 491 492 493 494
LINK 557 558
LINK 662 663
