VERSION 2
BPM 240
PAGE_SHIFT 0
PAGE_SIZE 1
NOTE	0	0.393873393535614	0.260862112045288	0
NOTE	1	0.629493713378906	0.747640490531921	0
NOTE	2	0.87469208240509	0.255547940731049	0
NOTE	3	1.13871717453003	0.679619014263153	0
NOTE	4	1.39349365234375	0.396904975175858	0.3000000
NOTE	5	2.401535987854	0.760394513607025	0
NOTE	6	2.63332486152649	0.255547940731049	0
NOTE	7	2.89384818077087	0.75933164358139	0
NOTE	8	3.15021085739136	0.35014021396637	0
NOTE	9	3.39732480049133	0.6530482172966	0
NOTE	10	3.64252328872681	0.351203054189682	0
NOTE	11	3.89921522140503	0.66048800945282	0
NOTE	12	4.15059089660645	0.247045248746872	0
NOTE	13	4.39387369155884	0.748703360557556	0
NOTE	14	4.64098739624023	0.24598240852356	0
NOTE	15	4.8766074180603	0.743389189243317	0
NOTE	16	5.14063262939453	0.334197729825974	0
NOTE	17	5.41073417663574	0.627540171146393	0.3000000
NOTE	18	6.15059089660645	0.254485130310059	0
NOTE	19	6.39962005615234	0.748703300952911	0
NOTE	20	6.63140964508057	0.255547910928726	0
NOTE	21	6.90342628955841	0.75720602273941	0
NOTE	22	7.1463794708252	0.340686154895167	0
NOTE	23	7.39732503890991	0.637105703353882	0
NOTE	24	7.63869190216064	0.338449015575293	0
NOTE	25	7.90113067626953	0.616971512204998	0
NOTE	26	8.16016864776611	0.24385678768158	0
NOTE	27	8.40536689758301	0.748703300952911	0
NOTE	28	8.65822792053223	0.250233769416809	0
NOTE	29	8.89193248748779	0.747640490531921	0
NOTE	30	9.15021133422852	0.316129475831985	0
NOTE	31	9.40498733520508	0.621163129806519	0.3000000
NOTE	32	10.3823795318604	0.259799271821976	0
NOTE	33	10.6352405548096	0.751891851425171	0
NOTE	34	10.8995952606201	0.250233769416809	0
NOTE	35	11.1444644927979	0.672179222106934	0
NOTE	36	11.3839149475098	0.353328704833984	0
NOTE	37	11.6367769241333	0.672179222106934	0
NOTE	38	11.8723964691162	0.354391515254974	0
NOTE	39	12.1563367843628	0.754017531871796	0
NOTE	40	12.3900423049927	0.250233739614487	0
NOTE	41	12.6409873962402	0.749766170978546	0
NOTE	42	12.9015102386475	0.24385678768158	0
NOTE	43	13.1559581756592	0.65836238861084	0
NOTE	44	13.4011564254761	0.370334088802338	0.3000000
NOTE	45	14.3996200561523	0.747640550136566	0
NOTE	46	14.6563119888306	0.249170929193497	0
NOTE	47	14.8900175094604	0.746577620506287	0
NOTE	48	15.1866073608398	0.331009179353714	0
NOTE	49	15.4298896789551	0.639231383800507	0
NOTE	50	15.688497543335	0.336323410272598	0
NOTE	51	15.9547681808472	0.629665851593018	0
NOTE	52	16.2406234741211	0.255547970533371	0
NOTE	53	16.524133682251	0.75614321231842	0
NOTE	54	16.7808265686035	0.253422230482101	0
NOTE	55	17.0410194396973	0.64773405490938	0
NOTE	56	17.3034610748291	0.367145568132401	0
NOTE	57	17.5544052124023	0.636242321281779	0.3000000
NOTE	58	18.541374206543	0.249170929193497	0
NOTE	59	18.7942371368408	0.755080342292786	0
NOTE	60	19.0659236907959	0.370334088802338	0
NOTE	61	19.3456020355225	0.630728662014008	0.2310219
NOTE	62	19.8130130767822	0.387339502573013	0
NOTE	63	20.0701351165771	0.759331703186035	0
NOTE	64	20.2961769104004	0.260862112045288	0
NOTE	65	20.5566997528076	0.750829041004181	0
NOTE	66	20.7904052734375	0.255547970533371	0
NOTE	67	21.0640087127686	0.657299518585205	0
NOTE	68	21.3187847137451	0.40009343624115	0
NOTE	69	21.5620670318604	0.65942519903183	0.3000000
NOTE	70	22.2961769104004	0.249170929193497	0
NOTE	71	22.5624485015869	0.744451999664307	0
NOTE	72	22.8076457977295	0.245982468128204	0
NOTE	73	23.0601768493652	0.671116352081299	0
NOTE	74	23.3111228942871	0.389465153217316	0
NOTE	75	23.5544052124023	0.670053601264954	0
NOTE	76	23.8091812133789	0.389465093612671	0
NOTE	77	24.0624732971191	0.752954661846161	0
NOTE	78	24.3172473907471	0.256610810756683	0
NOTE	79	24.5509548187256	0.749766170978546	0
NOTE	80	24.7980670928955	0.245982468128204	0
NOTE	81	25.0525131225586	0.670053601264954	0
NOTE	82	25.2977123260498	0.387339442968369	0
NOTE	83	25.535249710083	0.671116411685944	0
NOTE	84	25.7842788696289	0.375648260116577	0.2444556
NOTE	85	26.2808513641357	0.754017531871796	0
NOTE	86	26.5317974090576	0.250233769416809	0
NOTE	87	26.7674179077148	0.749766170978546	0
NOTE	88	27.0256958007813	0.369271278381348	0
NOTE	89	27.7536277770996	0.367145627737045	0
NOTE	90	27.2919673919678	0.646671116352081	0.2655010
NOTE	91	28.0222454071045	0.728509485721588	0
NOTE	92	28.2444553375244	0.250233769416809	0
NOTE	93	28.491569519043	0.752954661846161	0
NOTE	94	28.7271900177002	0.244919627904892	0
NOTE	95	29.0009994506836	0.650922536849976	0
NOTE	96	29.2383289337158	0.39371645450592	0
NOTE	97	29.4969367980957	0.646671175956726	0.3000000
NOTE	98	30.2329616546631	0.267239153385162	0
NOTE	99	30.476245880127	0.743389129638672	0
NOTE	100	30.7310218811035	0.257673591375351	0
NOTE	101	30.9628105163574	0.728509485721588	0
NOTE	102	31.2134265899658	0.361831367015839	0
NOTE	103	31.4547939300537	0.626477301120758	0
NOTE	104	31.6999912261963	0.366082727909088	0
NOTE	105	31.9451904296875	0.623288810253143	0
NOTE	106	32.2061424255371	0.249170929193497	0
NOTE	107	32.447509765625	0.744451940059662	0
NOTE	108	32.6831321716309	0.253422290086746	0
NOTE	109	32.9436541795731	0.749766170978546	0
NOTE	110	33.2038459777832	0.393716484308243	0
NOTE	111	33.4471321105957	0.624351620674133	0.3000000
NOTE	112	34.1697463989258	0.272553235292435	0
NOTE	113	34.432186126709	0.744451999664307	0
NOTE	114	34.6486498117447	0.258736431598663	0
NOTE	115	34.8938484191895	0.738075017929077	0
NOTE	116	35.646354675293	0.636042773723602	0
NOTE	117	35.9011306762695	0.369271278381348	0
NOTE	118	35.1866073608398	0.365019917488098	0.2444204
NOTE	119	36.1314353942871	0.740200638771057	0
NOTE	120	36.3842964172363	0.255547940731049	0
NOTE	121	36.6294898986816	0.749766170978546	0
NOTE	122	36.8612823486328	0.250233769416809	0
NOTE	123	37.1368026733398	0.627540171146393	0
NOTE	124	37.3705062866211	0.379899621009827	0.3000000
NOTE	125	38.1525062322617	0.749766170978546	0
NOTE	126	38.368968963623	0.253422245412089	0
NOTE	127	38.5950126647949	0.749766170978546	0
NOTE	128	38.8459587097168	0.249170929193497	0
NOTE	129	39.0946578979492	0.65517383813858	0
NOTE	130	39.3475189208984	0.381542151498728	0
NOTE	131	39.5850563049316	0.65517383813858	0
NOTE	132	39.8570718765259	0.361831391241758	0
NOTE	133	40.0643882751465	0.749766111373901	0
NOTE	134	40.3459854125977	0.252359330654144	0
NOTE	135	40.556697845459	0.745514869689941	0
NOTE	136	40.8018989562988	0.257673591375351	0
NOTE	137	41.0563430786133	0.66048800945282	0
NOTE	138	41.3111228942871	0.394779307290619	0.3000000
NOTE	139	42.0835456848145	0.748703360557556	0
NOTE	140	42.3268280029297	0.259799242019653	0
NOTE	141	42.5317993164063	0.739137828350067	0
NOTE	142	42.7712478637695	0.257673561573029	0
NOTE	143	43.0391044616699	0.653048157691956	0.2769864
NOTE	144	43.542911529541	0.369271278381348	0
NOTE	145	43.7708702087402	0.6530482172966	0
NOTE	146	44.0337371826172	0.262987792491913	0
NOTE	147	44.2846832275391	0.755080342292786	0
NOTE	148	44.506893157959	0.249170929193497	0
NOTE	149	44.7482604980469	0.746577680110931	0
NOTE	150	45.0103721618652	0.367145627737045	0
NOTE	151	45.2632331848145	0.607346296310425	0.3000000
NOTE	152	45.9777565002441	0.376711130142212	0
NOTE	153	46.2176361083984	0.746577680110931	0
NOTE	154	46.4819946289063	0.258736461400986	0
NOTE	155	46.7118644714355	0.743389189243317	0
NOTE	156	46.9532318115234	0.253422290086746	0
NOTE	157	47.2038459777832	0.650922477245331	0
NOTE	158	47.4850540161133	0.278930306434631	0
NOTE	159	47.582139588849	0.275529205799103	0
NOTE	160	47.6792251615848	0.289133489131927	0
NOTE	161	47.776310741554	0.303800672292709	0
NOTE	162	47.8733963070563	0.331221789121628	0
NOTE	163	47.9704811573029	0.374585449695587	0
NOTE	164	48.000000	0.537199199199677	0
NOTE	165	48.1068199173632	0.588002681732178	0
NOTE	166	48.2136398347265	0.616486668586731	0
NOTE	167	48.3204597600484	0.646033465862274	0
NOTE	168	48.4272796694529	0.64475804567337	0
NOTE	169	48.6658897399902	0.255547910928726	0
NOTE	170	48.8938484191895	0.750829041004181	0
NOTE	171	49.1176452636719	0.349077463150024	0
NOTE	172	49.3475189208984	0.637105703353882	0
NOTE	173	49.6137886047363	0.363957077264786	0
NOTE	174	49.8321685791016	0.650922536849976	0
NOTE	175	50.0835456848145	0.258736461400986	0
NOTE	176	50.2866020202637	0.75720602273941	0
NOTE	177	50.5452079772949	0.258736461400986	0
NOTE	178	50.7808265686035	0.75720602273941	0
NOTE	179	51.2440757751465	0.39265364408493	0
NOTE	180	51.4662868976593	0.641357004642487	0
NOTE	181	51.7325553894043	0.387339502573013	0
NOTE	182	51.9605178833008	0.633917152881622	0
NOTE	183	52.2099761962891	0.247045308351517	0
NOTE	184	52.4283561706543	0.750828981399536	0
NOTE	185	52.6735534667969	0.251296609640121	0
NOTE	186	52.9034271240234	0.747640550136566	0
NOTE	187	53.1655349731445	0.353328764438629	0
NOTE	188	53.3877468109131	0.648796856403351	0
NOTE	189	53.7095680236816	0.355454444885254	0
NOTE	190	54.0927340984344	0.727978050708771	0
NOTE	191	54.1730873825438	0.710924386641935	0
NOTE	192	54.2534394745603	0.693870711393842	0
NOTE	193	54.3337915665768	0.676817047327006	0
NOTE	194	54.4141436585933	0.659763372078913	0
NOTE	195	54.4944957506098	0.642709708012077	0
NOTE	196	54.5748478426262	0.625656038354613	0
NOTE	197	54.6551999083013	0.608602368697149	0
NOTE	198	54.7355520266592	0.591548699039684	0
NOTE	199	54.8159040923342	0.57449502938222	0
NOTE	200	54.8962562106922	0.557441359724756	0
NOTE	201	54.9766076803207	0.540387690067291	0
NOTE	202	55.000000	0.458646059036255	0
NOTE	203	55.0904894769067	0.440280011561712	0
NOTE	204	55.1809789538133	0.421913964087169	0
NOTE	205	55.27146843072	0.403547916612626	0
NOTE	206	55.3619579076267	0.385181869138084	0
NOTE	207	55.4524473845333	0.366815821663541	0
NOTE	208	55.54293686144	0.348449774188998	0
NOTE	209	55.6334263086819	0.330083732735314	0
NOTE	210	55.7239158152533	0.311717679239912	0
NOTE	211	55.8144052624953	0.293351637786229	0
NOTE	212	55.9048947690667	0.274985584290826	0
NOTE	213	55.9953840970993	0.256619556985739	0
NOTE	214	56.2329635620117	0.752954661846161	0
NOTE	215	56.4628372192383	0.257673650979996	0
NOTE	216	56.6869621276855	0.755080342292786	0
NOTE	217	57.0009994506836	0.404344856739044	0.2652867
NOTE	218	57.4088172912598	0.6530482172966	0
NOTE	219	57.6693420410156	0.386276632547379	0
NOTE	220	57.8934669494629	0.642419874668121	0
NOTE	221	58.1295204162598	0.249170929193497	0
NOTE	222	58.3842926025391	0.748703360557556	0.2632167
NOTE	223	58.8306312561035	0.259799182415009	0
NOTE	224	59.0812492370605	0.661550879478455	0
NOTE	225	59.3130378723145	0.400093466043472	0
NOTE	226	59.5524894595146	0.661550879478455	0
NOTE	227	59.7823638916016	0.402219146490097	0
NOTE	228	60.0433158874512	0.746577680110931	0
NOTE	229	60.2751083374023	0.250233769416809	0
NOTE	230	60.4992332458496	0.75614321231842	0
NOTE	231	60.7520942687988	0.26086214184761	0.2440759
NOTE	232	61.2364120483398	0.666865050792694	0
NOTE	233	61.4586219787598	0.387339472770691	0
NOTE	234	61.7153167724609	0.661550879478455	0
NOTE	235	61.9585990905762	0.389465153217316	0
NOTE	236	62.2329635620117	0.752954661846161	0
NOTE	237	62.4647521972656	0.254485130310059	0
NOTE	238	62.7118644714355	0.751891851425171	0
NOTE	239	62.9570617675781	0.251296579837799	0
NOTE	240	63.1961822509766	0.615848958492279	0
NOTE	241	63.4701194763184	0.383088111877441	0.3000000
NOTE	242	64.5203018188477	0.743389189243317	0
NOTE	243	64.8172225952148	0.273616105318069	0
NOTE	244	65.2306671142578	0.672179222106934	0
NOTE	245	65.5544052124023	0.407533317804337	0.3000000
NOTE	246	66.0969543457031	0.634980022907257	0.5697123
NOTE	247	67.1406326293945	0.276804655790329	0
NOTE	248	67.4011611938477	0.742326319217682	0
NOTE	249	67.6693420410156	0.276804655790329	0
NOTE	250	67.9241180419922	0.741263508796692	0
NOTE	251	68.2061462402344	0.373522609472275	0
NOTE	252	68.4436798095703	0.661550879478455	0
NOTE	253	68.7003707885742	0.373522609472275	0
NOTE	254	68.9321517944336	0.661550879478455	0
NOTE	255	69.2517395019531	0.261924922466278	0
NOTE	256	69.5141754150391	0.75508040189743	0
NOTE	257	69.770866394043	0.258736431598663	0
NOTE	258	70.0586395263672	0.665802180767059	0
NOTE	259	70.3000030517578	0.404344826936722	0
NOTE	260	70.5471267700195	0.656236708164215	0
NOTE	261	70.7980651855469	0.392653614282608	0
NOTE	262	71.0659255981445	0.756143152713776	0
NOTE	263	71.3168691396713	0.251296609640121	0
NOTE	264	71.5658950805664	0.746577620506287	0
NOTE	265	71.8264236450195	0.251296609640121	0
NOTE	266	72.3383255004883	0.661550939083099	0.3000000
NOTE	267	73.3456039428711	0.362894266843796	0.3000000
NOTE	268	74.0009994506836	0.630728721618652	0.4990005
NOTE	269	75.0009994506836	0.411784678697586	0.4990005
NOTE	270	76.0009994506836	0.629665851593018	0.6656672
NOTE	271	77.5275802612305	0.3756482899189	0.3000000
NOTE	272	78.1122741699219	0.595655143260956	0.5543925
NOTE	273	79.0697555541992	0.279993146657944	0
NOTE	274	79.2977142333984	0.742326319217682	0
NOTE	275	79.502685546875	0.258736461400986	0
NOTE	276	79.7632064819336	0.749766170978546	0
NOTE	277	80.0260696411133	0.355454415082932	0
NOTE	278	80.2425384521484	0.648796856403351	0
NOTE	279	80.4570922851563	0.355454415082932	0
NOTE	280	80.6869583129883	0.639231324195862	0
NOTE	281	80.9379043579102	0.355454415082932	0
NOTE	282	81.1636199951172	0.754017531871796	0
NOTE	283	81.3915786743164	0.251296609640121	0
NOTE	284	81.6137890815735	0.76252019405365	0
NOTE	285	81.8666534423828	0.255547940731049	0
NOTE	286	82.0816268920898	0.664739354492667	0
NOTE	287	82.3134155273438	0.373522639274597	0
NOTE	288	82.5394592285156	0.640029609203339	0.3000000
NOTE	289	83.0371932983398	0.258736431598663	0
NOTE	290	83.2479019165039	0.751891851425171	0
NOTE	291	83.483528137207	0.266176283359528	0.3498052
NOTE	292	84.1946487426758	0.638168513774872	0
NOTE	293	84.428352355957	0.392653618432121	0
NOTE	294	84.6620591282845	0.638168513774872	0.3000000
NOTE	295	85.1444625854492	0.253422290086746	0
NOTE	296	85.4796905517578	0.747640550136566	0
NOTE	297	85.8283309936523	0.266176283359528	0
NOTE	298	86.0199407935143	0.709112763404846	0
NOTE	299	86.1090025494848	0.714064598083496	0
NOTE	300	86.1980618616649	0.715827882289886	0
NOTE	301	86.287121173845	0.706962883472443	0
NOTE	302	86.3761804860251	0.702349245548248	0
NOTE	303	86.4652397982052	0.695609867572784	0
NOTE	304	86.5542991103853	0.68887060880661	0
NOTE	305	86.6433583933695	0.682131230831146	0
NOTE	306	86.7324177347455	0.670077741146088	0
NOTE	307	86.8214770177296	0.659087002277374	0
NOTE	308	86.9105363591057	0.645970702171326	0
NOTE	309	86.9995950460434	0.616911768913269	0
NOTE	310	87.000000	0.400093466043472	0
NOTE	311	87.0906524671711	0.353966450653213	0
NOTE	312	87.1813049343423	0.351415646000182	0
NOTE	313	87.2719574082676	0.348864841157102	0
NOTE	314	87.3626098686846	0.351628243923187	0
NOTE	315	87.453265786171	0.362894266843796	0
NOTE	316	87.9451904296875	0.691310226917267	0
NOTE	317	88.1946497261524	0.272553324699402	0
NOTE	318	88.4130325317383	0.743389189243317	0
NOTE	319	88.6524810791016	0.272553324699402	0.3000000
NOTE	320	89.1233901977539	0.689184606075287	0
NOTE	321	89.3513488769531	0.388402312994003	0
NOTE	322	89.583137512207	0.689184606075287	0
NOTE	323	89.8130111694336	0.388402312994003	0
NOTE	324	90.0682192444801	0.75614321231842	0.3000000
NOTE	325	90.5260506272316	0.265113472938538	0
NOTE	326	90.7655022144318	0.748703360557556	0
NOTE	327	91.0009994506836	0.359705775976181	0
NOTE	328	91.2536468505859	0.632854342460632	0
NOTE	329	91.4816131591797	0.369271278381348	0
NOTE	330	91.7019119262695	0.645608365535736	0
NOTE	331	91.9260330200195	0.377774000167847	0
NOTE	332	92.8689422607422	0.282118797302246	0
NOTE	333	92.1812362670898	0.747640490531921	0.3187637
NOTE	334	93.1157302856445	0.651985347270966	0
NOTE	335	93.3570969998837	0.376521468162537	0
NOTE	336	93.5697299838066	0.653048157691956	0
NOTE	337	93.8130127191544	0.376521468162537	0
NOTE	338	94.0931167602539	0.7582688331604	0
NOTE	339	94.2712707519531	0.265113413333893	0
NOTE	340	94.4934844970703	0.751891911029816	0
NOTE	341	94.7367706298828	0.264050632715225	0
NOTE	342	95.0253079533577	0.746577680110931	0
NOTE	343	95.1089678702579	0.747157411159106	0
NOTE	344	95.1926290388556	0.747737142207281	0
NOTE	345	95.2762902074533	0.748316873255456	0
NOTE	346	95.359951376051	0.748896604303631	0
NOTE	347	95.4436125446487	0.749476335351806	0
NOTE	348	95.5272737132464	0.750056066399981	0
NOTE	349	95.6109348544178	0.750635797258106	0
NOTE	350	95.6945960504418	0.751215528496331	0
NOTE	351	95.7782571916132	0.751795259354456	0
NOTE	352	95.8619183876372	0.741746664047241	0
NOTE	353	95.9455782175064	0.709378480911255	0
NOTE	354	96.0065315365791	0.625414490699768	0
NOTE	355	96.0968461497087	0.623482064709727	0
NOTE	356	96.1871615376986	0.621549665927887	0
NOTE	357	96.2774769256885	0.624931395053864	0
NOTE	358	96.3677923136784	0.621936142444611	0
NOTE	359	96.4581077016683	0.620003700256348	0
NOTE	360	96.5484230896582	0.622322618961334	0
NOTE	361	96.6387384480404	0.620390176773071	0
NOTE	362	96.729053865638	0.617394924163818	0
NOTE	363	96.8193692240202	0.608022657422893	0
NOTE	364	96.9096846416178	0.591210544109344	0
NOTE	365	97.0009994506836	0.476617634296417	0
NOTE	366	97.0825875624494	0.431358575820923	0
NOTE	367	97.1641756742152	0.42648720741272	0
NOTE	368	97.2457637786865	0.433307081460953	0
NOTE	369	97.3273518977469	0.435875624418259	0
NOTE	370	97.4089399876291	0.436318457126617	0
NOTE	371	97.4905281066895	0.432510018348694	0
NOTE	372	97.5721161965716	0.435078382492065	0
NOTE	373	97.6537043448102	0.440197736024857	0
NOTE	374	97.7352924346924	0.440197736024857	0
NOTE	375	97.8168805245746	0.438072055578232	0
NOTE	376	97.8984686728131	0.434883564710617	0
NOTE	377	97.9800592660904	0.429569393396378	0
NOTE	378	98.0065307617188	0.328883558511734	0
NOTE	379	98.1464700698853	0.291152894496918	0
NOTE	380	98.2500095367432	0.269364804029465	0
NOTE	381	98.3535490036011	0.262456387281418	0
NOTE	382	98.457088470459	0.255547940731049	0
NOTE	383	98.5606279373169	0.250765234231949	0
NOTE	384	98.6641674041748	0.251296609640121	0
NOTE	385	98.7677068710327	0.256079375743866	0
NOTE	386	98.8712490797043	0.269364774227142	0
NOTE	387	99.0009994506836	0.367145627737045	0
NOTE	388	99.0943381595885	0.42917650406828	0
NOTE	389	99.1825270271847	0.432751495942879	0
NOTE	390	99.270715894781	0.436326487817479	0
NOTE	391	99.3589047623773	0.439901479692079	0
NOTE	392	99.4470936299736	0.443476471566679	0
NOTE	393	99.5352824975698	0.447051463441278	0
NOTE	394	99.6234713362555	0.450626454143904	0
NOTE	395	99.7116602327624	0.454201447190478	0
NOTE	396	99.8036804199219	0.457776427268982	0
NOTE	397	99.9167709350586	0.473042607307434	0
NOTE	398	99.9990005493164	0.50106281042099	0
NOTE	399	111.326446533203	0.262987732887268	0
NOTE	400	100.00000	0.583963930606842	0
NOTE	401	100.093407441577	0.588002699673754	0
NOTE	402	100.186814883155	0.592041468740665	0
NOTE	403	100.280222331692	0.596080238108488	0
NOTE	404	100.37362976631	0.600119006874488	0
NOTE	405	100.467037200928	0.604157775640488	0
NOTE	406	100.560444663383	0.608196545610134	0
NOTE	407	100.653852070164	0.612235313172487	0
NOTE	408	100.747259532619	0.616274083142134	0
NOTE	409	100.8406669394	0.620312850704487	0
NOTE	410	100.93790435791	0.654110968112946	0
NOTE	411	101.020156860352	0.691310226917267	0
NOTE	412	101.118724399877	0.698750072110824	0
NOTE	413	101.217291939403	0.706189917304381	0
NOTE	414	101.315859485538	0.713629762996819	0
NOTE	415	101.414427018454	0.721069607691495	0
NOTE	416	101.512994577808	0.728509454381694	0
NOTE	417	101.611562110724	0.735949299076371	0
NOTE	418	101.71012964364	0.743389143771047	0
NOTE	419	101.866165161133	0.765708684921265	0
NOTE	420	101.999000549316	0.739137768745422	0
NOTE	421	102.000999450684	0.662613689899445	0
NOTE	422	102.091817685146	0.651405615906041	0
NOTE	423	102.182635919609	0.640197541912638	0
NOTE	424	102.273454154071	0.628989467919235	0
NOTE	425	102.364272388534	0.617781393925831	0
NOTE	426	102.455090622997	0.606573319932428	0
NOTE	427	102.545908857459	0.595365245939025	0
NOTE	428	102.636727062149	0.584157175619914	0
NOTE	429	102.727545326385	0.572949097952218	0
NOTE	430	102.818363531075	0.561741027633108	0
NOTE	431	102.90918179531	0.550532949965412	0
NOTE	432	103.00000	0.539324879646301	0
NOTE	433	103.083108268671	0.527899401542778	0
NOTE	434	103.166216537343	0.516473923439256	0
NOTE	435	103.234107971191	0.50504844635725	0
NOTE	436	103.332433074686	0.49362296723221	0
NOTE	437	103.415541321066	0.482197492193239	0
NOTE	438	103.498649597168	0.470772013068199	0
NOTE	439	103.581757843548	0.459346538029228	0
NOTE	440	103.664866149372	0.447921054818119	0
NOTE	441	103.747974395752	0.436495579779148	0
NOTE	442	103.831082642132	0.425070104740177	0
NOTE	443	103.914190947956	0.413644621529068	0
NOTE	444	103.997299730778	0.402219146490097	0
NOTE	445	104.021856427193	0.352265894412994	0
NOTE	446	104.110569349679	0.347144961204501	0
NOTE	447	104.199280484025	0.342024027996008	0
NOTE	448	104.287991618372	0.336903094787514	0
NOTE	449	104.376702752718	0.331782161579021	0
NOTE	450	104.465413887065	0.326661228370527	0
NOTE	451	104.554125021411	0.321540295162034	0
NOTE	452	104.642836126676	0.316419363632313	0
NOTE	453	104.731547290105	0.308109909296036	0
NOTE	454	104.820258395369	0.306177497215327	0
NOTE	455	104.908969558798	0.319124758243561	0
NOTE	456	104.997679412365	0.338449001312256	0
NOTE	457	105.004234313965	0.42560151219368	0
NOTE	458	105.133071901998	0.444346040487289	0
NOTE	459	105.21976471464	0.462027758590272	0
NOTE	460	105.306457527282	0.465892613279657	0
NOTE	461	105.393150339924	0.469757467969043	0
NOTE	462	105.479843152567	0.473622322658428	0
NOTE	463	105.566535965209	0.477487177347813	0
NOTE	464	105.653228749431	0.4813520307702	0
NOTE	465	105.739921590493	0.485216886726583	0
NOTE	466	105.826614374716	0.484830379486084	0
NOTE	467	105.913307215778	0.500386416912079	0
NOTE	468	106.00000	0.523382306098938	0
NOTE	469	106.080745699428	0.529670750288818	0
NOTE	470	106.161491398856	0.535959194478697	0
NOTE	471	106.242237091064	0.542247638106346	0
NOTE	472	106.322982797712	0.548536082858456	0
NOTE	473	106.403728475482	0.554824525361644	0
NOTE	474	106.484474182129	0.561112970113754	0
NOTE	475	106.565219859899	0.567401412616942	0
NOTE	476	106.645965595423	0.573689859617975	0
NOTE	477	106.726711273193	0.579978302121162	0
NOTE	478	106.807456950964	0.58626674462435	0
NOTE	479	106.888202686488	0.592555191625383	0
NOTE	480	106.968945264816	0.598843634128571	0
NOTE	481	107.050210863352	0.65942519903183	0
NOTE	482	107.135088836425	0.709571719169617	0
NOTE	483	107.21996862744	0.719330430030823	0
NOTE	484	107.304848418455	0.725900709629059	0
NOTE	485	107.38972820947	0.732470989227295	0
NOTE	486	107.474608000485	0.736915588378906	0
NOTE	487	107.5594877915	0.743485748767853	0
NOTE	488	107.64436755469	0.747930347919464	0
NOTE	489	107.729247373531	0.749186515808105	0
NOTE	490	107.81412713672	0.748316884040833	0
NOTE	491	107.899006955561	0.743195950984955	0
NOTE	492	107.983890414238	0.729572296142578	0
NOTE	493	108.00000	0.665802240371704	0
NOTE	494	108.090909093618	0.659521850485465	0
NOTE	495	108.181818187237	0.653241460599226	0
NOTE	496	108.272727280855	0.646961070712987	0
NOTE	497	108.363636374474	0.640680680826748	0
NOTE	498	108.454545468092	0.634400290940508	0
NOTE	499	108.54545456171	0.628119901054269	0
NOTE	500	108.636363625526	0.621839513226902	0
NOTE	501	108.727272748947	0.615559121281791	0
NOTE	502	108.818181812763	0.609278733454424	0
NOTE	503	108.909090936184	0.602998341509313	0
NOTE	504	109.00000	0.596717953681946	0
NOTE	505	109.083333335817	0.589455246708908	0
NOTE	506	109.166666671634	0.582192539735871	0
NOTE	507	109.25000	0.57492983341217	0
NOTE	508	109.333333343267	0.567667125789797	0
NOTE	509	109.416666656733	0.560404420764769	0
NOTE	510	109.50000	0.553141713142395	0
NOTE	511	109.583333313465	0.545879008117367	0
NOTE	512	109.666666686535	0.538616297897647	0
NOTE	513	109.75000	0.53135359287262	0
NOTE	514	109.833333313465	0.524090887847592	0
NOTE	515	109.916666686535	0.516828177627872	0
NOTE	516	110.00000	0.481931746006012	0
NOTE	517	110.083000185579	0.475361466407776	0
NOTE	518	110.166000371158	0.468791246414185	0
NOTE	519	110.245986938477	0.462220996618271	0
NOTE	520	110.332000742316	0.455650746822357	0
NOTE	521	110.415000927895	0.449080497026443	0
NOTE	522	110.498001113474	0.442510217428207	0
NOTE	523	110.581001271844	0.435939967632294	0
NOTE	524	110.664001484633	0.42936971783638	0
NOTE	525	110.747001643002	0.422799468040466	0
NOTE	526	110.830001855791	0.416229218244553	0
NOTE	527	110.913004338741	0.409658968448639	0
NOTE	528	111.00000	0.409658968448639	0
NOTE	529	111.556320667267	0.737012147903442	0
NOTE	530	111.790023803711	0.296998471021652	0.2099762
NOTE	531	112.759750366211	0.639231324195862	0
NOTE	532	112.999000549316	0.335260540246964	0
NOTE	533	113.247909545898	0.745514869689941	0
NOTE	534	113.94327545166	0.752954721450806	0
NOTE	535	113.489273071289	0.275741845369339	0.2425258
NOTE	536	114.188896179199	0.409658968448639	0
NOTE	537	114.426445007324	0.65836238861084	0
NOTE	538	114.635238647461	0.404344797134399	0.3000000
NOTE	539	115.152130126953	0.745514810085297	0
NOTE	540	115.389663696289	0.252359449863434	0
NOTE	541	115.613784790039	0.749766170978546	0.3000000
NOTE	542	116.510726928711	0.335260510444641	0
NOTE	543	116.801895141602	0.641357054834895	0
NOTE	544	117.056350708008	0.265113413333893	0
NOTE	545	117.30345916748	0.766771554946899	0.3000000
NOTE	546	117.765121459961	0.26405057311058	0
NOTE	547	118.000999450684	0.656236647808633	0
NOTE	548	118.246368408203	0.372104293542872	0
NOTE	549	118.512649536133	0.656236647808633	0
NOTE	550	118.731025695801	0.359705805778503	0
NOTE	551	118.974304199219	0.656236647808633	0
NOTE	552	119.213424682617	0.24598240852356	0
NOTE	553	119.456703186035	0.751891851425171	0.3000000
NOTE	554	120.175491333008	0.411784648895264	0
NOTE	555	120.447509765625	0.666865110397339	0
NOTE	556	120.635238647461	0.390527933835983	0
NOTE	557	120.878517150879	0.663676500320435	0
NOTE	558	121.585060119629	0.745514810085297	0
NOTE	559	121.820678710938	0.259799301624298	0
NOTE	560	121.117645263672	0.264050632715225	0.2444204
NOTE	561	122.077796936035	0.647685320823443	0
NOTE	562	122.300010681152	0.378698824832373	0
NOTE	563	122.533706665039	0.64879678765193	0
NOTE	564	122.755928039551	0.357580095529556	0
NOTE	565	123.462463378906	0.277867496013641	0
NOTE	566	123.726806640625	0.746577680110931	0
NOTE	567	123.000999450684	0.751891911029816	0.2616628
NOTE	568	123.956680297852	0.278930276632309	0
NOTE	569	124.215721130371	0.658362329006195	0
NOTE	570	124.44367980957	0.377773940563202	0
NOTE	571	124.669723510742	0.65198540687561	0
NOTE	572	124.89575958252	0.368208408355713	0
NOTE	573	125.376251220703	0.742326319217682	0
NOTE	574	125.602294921875	0.255547940731049	0
NOTE	575	125.822593688965	0.742326319217682	0
NOTE	576	126.29808807373	0.389465153217316	0
NOTE	577	126.560531616211	0.674304902553558	0
NOTE	578	126.784660339355	0.384150981903076	0
NOTE	579	127.000999450684	0.741263508796692	0
NOTE	580	127.267059326172	0.255547910928726	0
NOTE	581	127.489273071289	0.75720602273941	0
NOTE	582	127.717232108116	0.264050602912903	0
NOTE	583	127.970092773438	0.752954721450806	0
NOTE	584	128.204223632813	0.402219176292419	0
NOTE	585	128.432189941406	0.644545495510101	0
NOTE	586	128.662059128284	0.39796781539917	0.3000000
NOTE	587	129.13298034668	0.745514869689941	0
NOTE	588	129.364761352539	0.252359449863434	0
NOTE	589	129.609954833984	0.744452059268951	0.3000000
NOTE	590	130.311492919922	0.390527963638306	0
NOTE	591	130.539459228516	0.65836238861084	0
NOTE	592	130.786575317383	0.391590803861618	0.2134261
NOTE	593	131.247909545898	0.742326319217682	0.2520905
NOTE	594	131.615707397461	0.305501163005829	0.3000000
NOTE	595	132.000784695148	0.754017531871796	0
NOTE	596	132.086877998837	0.748799882038668	0
NOTE	597	132.172977799432	0.743582446782355	0
NOTE	598	132.259077600027	0.738364796949227	0
NOTE	599	132.345177400623	0.733147361692915	0
NOTE	600	132.431277201218	0.727929711859787	0
NOTE	601	132.517377001813	0.722712276603474	0
NOTE	602	132.603476774182	0.717494606971741	0
NOTE	603	132.689576603003	0.712277191514033	0
NOTE	604	132.775676375372	0.707059541680906	0
NOTE	605	132.861776204193	0.69652795791626	0
NOTE	606	132.947873532772	0.668990790843964	0
NOTE	607	133.000404983759	0.563770055770874	0
NOTE	608	133.087918092124	0.546764731407166	0
NOTE	609	133.175424196944	0.544639050960541	0
NOTE	610	133.262930308283	0.518068134784698	0
NOTE	611	133.350436406583	0.512753963470459	0
NOTE	612	133.437940895557	0.509565472602844	0
NOTE	613	133.830261230469	0.272553235292435	0
NOTE	614	134.072036743164	0.648796796798706	0
NOTE	615	134.292343139648	0.409658968448639	0
NOTE	616	134.520294189453	0.642419815063477	0
NOTE	617	134.767417788506	0.394779324531555	0.2325822
NOTE	618	135.244064331055	0.743389189243317	0
NOTE	619	135.460540771484	0.254485070705414	0
NOTE	620	135.69807434082	0.747640550136566	0
NOTE	621	135.926040649414	0.254485100507736	0
NOTE	622	136.635238647461	0.369271218776703	0
NOTE	623	136.886184692383	0.639231324195862	0
NOTE	624	136.186996459961	0.659425139427185	0.2057343
NOTE	625	137.113815307617	0.251296609640121	0
NOTE	626	137.353256225586	0.751891851425171	0
NOTE	627	137.600387573242	0.240668267011642	0
NOTE	628	137.814926147461	0.751891911029816	0
NOTE	629	138.07780456543	0.386276632547379	0
NOTE	630	138.313415527344	0.627540171146393	0.3000000
NOTE	631	139.031433105469	0.273616164922714	0
NOTE	632	139.247909545898	0.738075017929077	0
NOTE	633	139.502685546875	0.273616164922714	0
NOTE	634	139.744049072266	0.739137828350067	0
NOTE	635	140.001007080078	0.367145597934723	0
NOTE	636	140.254043579102	0.640294194221497	0
NOTE	637	140.487731933594	0.303375482559204	0
NOTE	638	140.736770629883	0.683870434761047	0
NOTE	639	140.978149414063	0.292747169733047	0
NOTE	640	141.23258972168	0.518068075180054	0.3000000
NOTE	641	142.257858276367	0.275741785764694	0
NOTE	642	142.537551879883	0.756143152713776	0
NOTE	643	142.907257497311	0.262987792491913	0
NOTE	644	143.23258972168	0.65092259645462	0
NOTE	645	143.569732666016	0.352265906677118	0
NOTE	646	143.906875610352	0.643587147393582	0
NOTE	647	144.246368408203	0.251296609640121	0
NOTE	648	144.573940932751	0.746577680110931	0
NOTE	649	144.895767211914	0.250233769416809	0
NOTE	650	145.071670532227	0.665802180767059	0
NOTE	651	145.251739501953	0.395842134952545	0
NOTE	652	145.604217529297	0.663676500320435	0
NOTE	653	145.901123046875	0.405407667160034	0
NOTE	654	146.246371239424	0.745514810085297	0
NOTE	655	146.604583740234	0.262987732887268	0
NOTE	656	146.911087036133	0.740200698375702	0
NOTE	657	147.244064331055	0.351203113794327	0
NOTE	658	147.60612487793	0.642419874668121	0
NOTE	659	147.885803222656	0.360768586397171	0
NOTE	660	148.246368408203	0.744451999664307	0
NOTE	661	148.506896972656	0.253422260284424	0
NOTE	662	148.744430541992	0.733823657035828	0
NOTE	663	149.031433105469	0.336323380470276	0
NOTE	664	149.282379150391	0.571209907531738	0.3000000
NOTE	665	150.817230224609	0.360768556594849	0
NOTE	666	151.0908203125	0.688121795654297	0
NOTE	667	151.337936401367	0.524445176124573	0.3000000
NOTE	668	152.430282592773	0.399030655622482	0.3000000
NOTE	669	153.533340454102	0.629665851593018	0.4302572
LINK 158 159 160 161 162 163
LINK 164 165 166 167 168
LINK 190 191 192 193 194 195 196 197 198 199 200 201
LINK 202 203 204 205 206 207 208 209 210 211 212 213
LINK 298 299 300 301 302 303 304 305 306 307 308 309
LINK 310 311 312 313 314 315
LINK 342 343 344 345 346 347 348 349 350 351 352 353
LINK 354 355 356 357 358 359 360 361 362 363 364 365 366 367 368 369 370 371 372 373 374 375 376 377
LINK 378 379 380 381 382 383 384 385 386
LINK 387 388 389 390 391 392 393 394 395 396 397 398
LINK 400 401 402 403 404 405 406 407 408 409 410 411 412 413 414 415 416 417 418 419 420
LINK 421 422 423 424 425 426 427 428 429 430 431 432
LINK 433 434 435 436 437 438 439 440 441 442 443 444
LINK 445 446 447 448 449 450 451 452 453 454 455 456
LINK 457 458 459 460 461 462 463 464 465 466 467 468
LINK 469 470 471 472 473 474 475 476 477 478 479 480
LINK 481 482 483 484 485 486 487 488 489 490 491 492
LINK 493 494 495 496 497 498 499 500 501 502 503 504
LINK 505 506 507 508 509 510 511 512 513 514 515 516
LINK 517 518 519 520 521 522 523 524 525 526 527 528
LINK 595 596 597 598 599 600 601 602 603 604 605 606
LINK 607 608 609 610 611 612
