VERSION 2
BPM 280
PAGE_SHIFT 0
PAGE_SIZE 0.857142857142857
NOTE	0	0.09284857660532	0.730635166168213	0
NOTE	1	0.347898691892624	0.273616164922714	0
NOTE	2	0.610170066356659	0.727446675300598	0
NOTE	3	0.95305597782135	0.376711130142212	0.2571429
NOTE	4	1.40459311008453	0.630728662014008	0.2571429
NOTE	5	1.8696346282959	0.257673591375351	0
NOTE	6	2.10279202461243	0.742326319217682	0
NOTE	7	2.3260977268219	0.257673591375351	0
NOTE	8	2.57242846488953	0.671116411685944	0
NOTE	9	2.81347560882568	0.385213792324066	0
NOTE	10	3.05155873298645	0.671116411685944	0
NOTE	11	3.26993846893311	0.393716484308243	0
NOTE	12	3.52809405326843	0.742326319217682	0
NOTE	13	3.75304174423218	0.278930336236954	0
NOTE	14	3.98291516304016	0.379899591207504	0
NOTE	15	4.20129489898682	0.469177782535553	0
NOTE	16	4.45058965682983	0.578649759292603	0
NOTE	17	4.68046236038208	0.665802210569382	0
NOTE	18	4.92018795013428	0.752954661846161	0
NOTE	19	5.1438570022583	0.523382306098938	0
NOTE	20	5.37975264298605	0.288850069046021	0
NOTE	21	5.6156482837138	0.326403588056564	0
NOTE	22	5.85154390335083	0.388402283191681	0
NOTE	23	6.08441972732544	0.543576180934906	0
NOTE	24	6.32742881774902	0.668990731239319	0
NOTE	25	6.56386995315552	0.76145738363266	0
NOTE	26	6.79045915603638	0.55633020401001	0
NOTE	27	7.03219509124756	0.265113413333893	0
NOTE	28	7.26535272598267	0.337917596101761	0
NOTE	29	7.51000356674194	0.428790032863617	0
NOTE	30	7.73138523101807	0.539324879646301	0
NOTE	31	7.96618461608887	0.680681824684143	0
NOTE	32	8.19934177398682	0.747640490531921	0
NOTE	33	8.43249988555908	0.612660467624664	0
NOTE	34	8.67751884460449	0.388540868669949	0
NOTE	35	8.90246677398682	0.625414490699768	0
NOTE	36	9.13562393188477	0.377773902216603	0
NOTE	37	9.36878108978271	0.623799432872616	0
NOTE	38	9.59180450439453	0.253422230482101	0
NOTE	39	9.84302425384521	0.748703323966616	0
NOTE	40	10.0663299560547	0.253422230482101	0
NOTE	41	10.3228425979614	0.660488069057465	0
NOTE	42	10.5527158975601	0.439418375492096	0
NOTE	43	10.7743787765503	0.649859666824341	0
NOTE	44	11.0075368881226	0.435167014598846	0
NOTE	45	11.2519063949585	0.747640490531921	0
NOTE	46	11.4916315078735	0.26617631316185	0
NOTE	47	11.7132959365845	0.750828981399536	0
NOTE	48	11.9497365951538	0.26617631316185	0
NOTE	49	12.1849040985107	0.603094875812531	0
NOTE	50	12.4164199829102	0.369271219176987	0
NOTE	51	12.6495771408081	0.603094875812531	0
NOTE	52	12.887378692627	0.255547951693668	0
NOTE	53	13.1254615783691	0.745514810085297	0
NOTE	54	13.3553352355957	0.255547951693668	0
NOTE	55	13.5901346206665	0.737666362864246	0
NOTE	56	13.8318691253662	0.39265364408493	0
NOTE	57	14.0633850097656	0.623288810253143	0
NOTE	58	14.2883329391479	0.387339502573013	0
NOTE	59	14.528058052063	0.600969314575195	0
NOTE	60	14.756007194519	0.258736431598663	0
NOTE	61	15.0022993087769	0.746577680110931	0
NOTE	62	15.2321729660034	0.245982423424721	0
NOTE	63	15.493613243103	0.626477360725403	0
NOTE	64	15.7054252624512	0.39159083366394	0
NOTE	65	15.9369411468506	0.625414550304413	0
NOTE	66	16.1717399869646	0.3756482899189	0
NOTE	67	16.3964061737061	0.75614321231842	0
NOTE	68	16.6377735137939	0.256610751152039	0
NOTE	69	16.8528671264648	0.739137887954712	0.2571429
NOTE	70	17.3359699249268	0.378836840391159	0
NOTE	71	17.5674858093262	0.6052206158638	0
NOTE	72	17.798999786377	0.375648260116577	0
NOTE	73	18.0384464263916	0.748703300952911	0
NOTE	74	18.2748851776123	0.255547940731049	0
NOTE	75	18.5031185150146	0.745514869689941	0
NOTE	76	18.7411994934082	0.243856772780418	0
NOTE	77	18.9927883148193	0.60628342628479	0
NOTE	78	19.2243041992188	0.403282016515732	0
NOTE	79	19.4508953094482	0.60628342628479	0
NOTE	80	19.6840515136719	0.406470477581024	0
NOTE	81	19.9136428833008	0.748703360557556	0
NOTE	82	20.1484432220459	0.253422230482101	0
NOTE	83	20.3947353363037	0.508502662181854	0
NOTE	84	20.6315441131592	0.293810039758682	0.2571429
NOTE	85	20.6266174316406	0.692373037338257	0.2571429
NOTE	86	21.0929336547852	0.282118797302246	0
NOTE	87	21.319522857666	0.730635166168213	0
NOTE	88	21.5540399721691	0.376473176016205	0
NOTE	89	21.7839126586914	0.634155020599213	0
NOTE	90	22.013786315918	0.374585419893265	0
NOTE	91	22.2567958831787	0.636042834223101	0
NOTE	92	22.4936065673828	0.251296609640121	0
NOTE	93	22.731689453125	0.746577739715576	0
NOTE	94	22.9632053375244	0.255547940731049	0
NOTE	95	23.1993637084961	0.631791472434998	0
NOTE	96	23.429235458374	0.413910359144211	0
NOTE	97	23.6640357971191	0.636042833328247	0
NOTE	98	23.8939094543457	0.416036009788513	0
NOTE	99	24.1372871398926	0.749766170978546	0
NOTE	100	24.3704452514648	0.253422230482101	0
NOTE	101	24.6019611358643	0.743389189243317	0
NOTE	102	24.8351173400879	0.248108088970184	0
NOTE	103	25.0729198455811	0.612660527229309	0
NOTE	104	25.3044338226318	0.382025301456451	0
NOTE	105	25.5392322540283	0.619037449359894	0
NOTE	106	25.7727603912354	0.275741815567017	0
NOTE	107	26.0075588226318	0.741263449192047	0
NOTE	108	26.2407169342041	0.258736491203308	0
NOTE	109	26.4771575927734	0.746577680110931	0
NOTE	110	26.7100315093994	0.392653614282608	0
NOTE	111	26.9481163024902	0.615848958492279	0
NOTE	112	27.1812725067139	0.393716484308243	0
NOTE	113	27.4275722503662	0.612660467624664	0
NOTE	114	27.6495990753174	0.257673621177673	0
NOTE	115	27.8843975067139	0.752954661846161	0
NOTE	116	28.1175556182861	0.256610810756683	0
NOTE	117	28.3602828979492	0.603094935417175	0
NOTE	118	28.5901546478271	0.363957166671753	0
NOTE	119	28.8233127593994	0.60840916633606	0
NOTE	120	29.0581111907959	0.378836780786514	0
NOTE	121	29.2932796478271	0.742326378822327	0
NOTE	122	29.5165863037109	0.262987792491913	0
NOTE	123	30.0009994506836	0.367145597934723	0
NOTE	124	29.7563095092773	0.743389129638672	0
NOTE	125	30.2305526733398	0.622225940227509	0
NOTE	126	30.4752044677734	0.369271278381348	0
NOTE	127	30.6919422149658	0.622225999832153	0
NOTE	128	30.9517402648926	0.281056016683578	0
NOTE	129	31.1553421020508	0.738075017929077	0
NOTE	130	31.4065608978271	0.259799271821976	0
NOTE	131	31.6298656463623	0.739137828350067	0
NOTE	132	31.8660278320313	0.389465123414993	0
NOTE	133	32.0958976745605	0.614786088466644	0
NOTE	134	32.333984375	0.401156306266785	0
NOTE	135	32.5724296569824	0.715755462646484	0
NOTE	136	32.8138046264648	0.250233769416809	0
NOTE	137	33.0371055603027	0.741263508796692	0
NOTE	138	33.273551940918	0.255547940731049	0
NOTE	139	33.5047836303711	0.637105643749237	0
NOTE	140	33.7477912902832	0.426664352416992	0
NOTE	141	33.9760246276855	0.630728662014008	0
NOTE	142	34.2091827392578	0.421350181102753	0
NOTE	143	34.4492683410645	0.735949337482452	0
NOTE	144	34.6775054931641	0.26617631316185	0
NOTE	145	34.915584564209	0.742326319217682	0
NOTE	146	35.1487808227539	0.378836780786514	0
NOTE	147	35.3849029541016	0.596717953681946	0
NOTE	148	35.6197052001953	0.37671110033989	0
NOTE	149	35.8643531799316	0.600969254970551	0
NOTE	150	36.0913124084473	0.255547910928726	0
NOTE	151	36.3211860656738	0.748703300952911	0
NOTE	152	36.5494177682059	0.259799271821976	0
NOTE	153	36.7792930603027	0.750829041004181	0
NOTE	154	37.0236625671387	0.412847489118576	0
NOTE	155	37.268310546875	0.628603041172028	0
NOTE	156	37.4949035644531	0.412847489118576	0
NOTE	157	37.7366371154785	0.740200698375702	0
NOTE	158	37.9665107727051	0.256610751152039	0
NOTE	159	38.1980264186859	0.742326319217682	0
NOTE	160	38.4311828613281	0.25979933142662	0
NOTE	161	38.6624145507813	0.597780823707581	0
NOTE	162	38.8955764770508	0.388402283191681	0
NOTE	163	39.1303749084473	0.597780764102936	0
NOTE	164	39.3668174743652	0.386276662349701	0
NOTE	165	39.6134796142578	0.751891851425171	0
NOTE	166	39.8285713195801	0.256610780954361	0
NOTE	167	40.0715827941895	0.747640550136566	0
NOTE	168	40.3126640319824	0.386276602745056	0
NOTE	169	40.5441780090332	0.613723278045654	0
NOTE	170	40.7724113464355	0.396904975175858	0
NOTE	171	41.0088539123535	0.60947197675705	0
NOTE	172	41.2473068237305	0.268301963806152	0
NOTE	173	41.4755363464355	0.748703360557556	0
NOTE	174	41.7136192321777	0.2619249522686	0
NOTE	175	41.9418525695801	0.745514810085297	0
NOTE	176	42.1845779418945	0.42453870177269	0
NOTE	177	42.419376373291	0.653048276901245	0
NOTE	178	42.6492538452148	0.42453870177269	0
NOTE	179	42.8877029418945	0.734886527061462	0
NOTE	180	43.1225051879883	0.257673621177673	0
NOTE	181	43.3507347106934	0.746577739715576	0
NOTE	182	43.5888175964355	0.259799212217331	0
NOTE	183	43.8266220092773	0.633917093276978	0
NOTE	184	44.0597763061523	0.426664352416992	0
NOTE	185	44.2880096435547	0.637105703353882	0
NOTE	186	44.5178833007813	0.424538642168045	0
NOTE	187	44.7546920776367	0.747640490531921	0
NOTE	188	44.9763565063477	0.253422170877457	0
NOTE	189	45.2242889404297	0.747640430927277	0
NOTE	190	45.4703025817871	0.386276632547379	0
NOTE	191	45.7001762390137	0.614786148071289	0
NOTE	192	45.9366188049316	0.378836780786514	0
NOTE	193	46.1648483276367	0.6052206158638	0
NOTE	194	46.4197158813477	0.260862112045288	0
NOTE	195	46.6430244445801	0.747640490531921	0
NOTE	196	46.8745384216309	0.276804685592651	0.2571429
NOTE	197	47.4522247314453	0.70831561088562	0.2571429
NOTE	198	48.1996816481863	0.385213792324066	0.5146059
NOTE	199	49.1336708068848	0.570147037506104	0.4377583
