VERSION 2
BPM 240
PAGE_SHIFT 0
PAGE_SIZE 1
NOTE	0	0.141012534499168	0.49787425994873	0.8589875
NOTE	1	1.58275103569031	0.616911828517914	0
NOTE	2	1.77086925506592	0.775274217128754	0
NOTE	3	1.94174695014954	0.623288810253143	0
NOTE	4	2.12338399887085	0.273616135120392	0
NOTE	5	2.28851461410522	0.428790032863617	0
NOTE	6	2.44598293304443	0.279993116855621	0
NOTE	7	2.64290308952332	0.730635166168213	0
NOTE	8	2.79806756973267	0.592466652393341	0
NOTE	9	2.93024492263794	0.731697976589203	0
NOTE	10	3.19810104370117	0.270427614450455	0.3000000
NOTE	11	3.50651478767395	0.514879643917084	0.3000000
NOTE	12	3.79577231407166	0.735949337482452	0.2367932
NOTE	13	4.09695291519165	0.303375482559204	0.3000000
NOTE	14	4.40345144271851	0.515942513942719	0.3000000
NOTE	15	4.61416864395142	0.735949337482452	0.3000000
NOTE	16	5.02339220046997	0.269364774227142	0
NOTE	17	5.14384794235229	0.379899621009827	0
NOTE	18	5.26430368423462	0.267239093780518	0
NOTE	19	5.38475894927979	0.37458547949791	0
NOTE	20	5.50521469116211	0.251296639442444	0
NOTE	21	5.62567043304443	0.376711159944534	0
NOTE	22	5.79385662078857	0.749766169460663	0
NOTE	23	6.10653162002563	0.656236708164215	0
NOTE	24	6.29043054580688	0.535073518753052	0
NOTE	25	6.40536689758301	0.288495808839798	0.3000000
NOTE	26	6.79806756973267	0.743389129638672	0.1827763
NOTE	27	7.1885232925415	0.569084227085114	0.3000000
NOTE	28	7.62911415100098	0.375648260116577	0.3000000
NOTE	29	8.06399917602539	0.665802240371704	0
NOTE	30	8.19464874267578	0.76145738363266	0
NOTE	31	8.3080587387085	0.649859726428986	0
NOTE	32	8.44903755187988	0.397967755794525	0
NOTE	33	8.59692764282227	0.249170884490013	0
NOTE	34	8.7390718460083	0.39477926492691	0
NOTE	35	9.00100040435791	0.612660467624664	0
NOTE	36	9.1291389465332	0.758268892765045	0
NOTE	37	9.20615196228027	0.623288810253143	0
NOTE	38	9.316481590271	0.744451999664307	0
NOTE	39	9.41073417663574	0.636042833328247	0
NOTE	40	9.55479335784912	0.716818332672119	0
NOTE	41	9.598464012146	0.281055986881256	0
NOTE	42	9.89155292510986	0.418161690235138	0
NOTE	43	10.2023124694824	0.70618999004364	0
NOTE	44	10.4072828292847	0.276804596185684	0
NOTE	45	10.6850461959839	0.693435907363892	0
NOTE	46	10.9989995956421	0.287432968616486	0
NOTE	47	11.2111215591431	0.730635166168213	0
NOTE	48	11.3724222183228	0.585026800632477	0
NOTE	49	11.5222282409668	0.733823657035828	0
NOTE	50	11.6038236618042	0.26830193400383	0
NOTE	51	11.7919406890869	0.412847459316254	0
NOTE	52	11.9130125045776	0.267239093780518	0
NOTE	53	12.1486749649048	0.688121736049652	0.3000000
NOTE	54	12.5854339599609	0.316129475831985	0.3000000
NOTE	55	13.0010004043579	0.615848958492279	0
NOTE	56	13.1559581756592	0.756143152713776	0
NOTE	57	13.3038473129272	0.598843634128571	0
NOTE	58	13.4505739212036	0.749766111373901	0
NOTE	59	13.54674243927	0.597780764102936	0
NOTE	60	13.719536781311	0.732760846614838	0
NOTE	61	13.8509368896484	0.593529403209686	0
NOTE	62	14.0010004043579	0.343763202428818	0.3000000
NOTE	63	14.4260511398315	0.728509485721588	0
NOTE	64	14.554783821106	0.564832866191864	0
NOTE	65	14.6950120925903	0.725320994853973	0
NOTE	66	14.7861862182617	0.564832925796509	0
NOTE	67	14.9436540603638	0.714692652225494	0
NOTE	68	15.2249193191528	0.29487282037735	0
NOTE	69	15.4122619628906	0.592466652393341	0
NOTE	70	15.5223733918385	0.482994645833969	0
NOTE	71	15.6324848207865	0.592466652393341	0
NOTE	72	15.7425962579383	0.482994616031647	0
NOTE	73	15.8527076786823	0.598843634128571	0
NOTE	74	15.9628190994263	0.498937129974365	0
NOTE	75	16.0184135437012	0.293809980154037	0
NOTE	76	16.3095855712891	0.725320994853973	0
NOTE	77	16.5930976867676	0.302312701940537	0
NOTE	78	16.8421268463135	0.706189930438995	0
NOTE	79	17.1578731536865	0.37245973944664	0
NOTE	80	17.4049873352051	0.663676559925079	0
NOTE	81	17.5865840911865	0.310815364122391	0
NOTE	82	17.7570724487305	0.413910359144211	0
NOTE	83	17.858600624676	0.307626843452454	0
NOTE	84	17.996524810791	0.405407667160034	0
NOTE	85	18.2229957580566	0.737012147903442	0
NOTE	86	18.3428506886916	0.617974638938904	0
NOTE	87	18.4627056193265	0.768897175788879	0
NOTE	88	18.5825605392456	0.636042833328247	0
NOTE	89	18.7024154805964	0.749766170978546	0
NOTE	90	18.8222703790838	0.630728662014008	0
NOTE	91	18.9421253204346	0.75614321231842	0
NOTE	92	19.1846923828125	0.281055986881256	0.3000000
NOTE	93	19.6080436706543	0.692373096942902	0.3000000
NOTE	94	20.1141948699951	0.481931775808334	0.3000000
NOTE	95	20.447509765625	0.289558619260788	0.3000000
NOTE	96	20.7497891187668	0.704064249992371	0
NOTE	97	20.8651123046875	0.61266040802002	0
NOTE	98	20.9990005493164	0.732760787010193	0
NOTE	99	21.1613164097071	0.296998500823975	0
NOTE	100	21.3168697357178	0.421350181102753	0
NOTE	101	21.4130382537842	0.284244477748871	0
NOTE	102	21.7814464687474	0.739137768745422	0
NOTE	103	21.8807525693957	0.575461208820343	0
NOTE	104	21.9800586700439	0.728509426116943	0
NOTE	105	21.5828342452542	0.738074898719788	0
NOTE	106	21.6821403533013	0.592466533184052	0
NOTE	107	22.0009994506836	0.276804596185684	0
NOTE	108	22.1333465576172	0.37671110033989	0
NOTE	109	22.2467594146729	0.259799212217331	0
NOTE	110	22.3996200561523	0.527633666992188	0.3000000
NOTE	111	22.7061176300049	0.724258124828339	0.3000000
NOTE	112	23.1482944488525	0.269364833831787	0.3000000
NOTE	113	23.500768661499	0.512754023075104	0.3000000
NOTE	114	23.7900257110596	0.743389129638672	0.2310463
NOTE	115	24.0009994506836	0.264050602912903	0
NOTE	116	24.099574281254	0.386276632547379	0
NOTE	117	24.198148727417	0.243856802582741	0
NOTE	118	24.2967239497393	0.386276632547379	0
NOTE	119	24.3952980041504	0.243856802582741	0
NOTE	120	24.4938735961914	0.386276632547379	0
NOTE	121	24.6222190856934	0.612660467624664	0
NOTE	122	24.7520923614502	0.754017472267151	0
NOTE	123	24.8386840820313	0.60309499502182	0
NOTE	124	24.9720001220703	0.744451999664307	0
NOTE	125	25.1942710876465	0.296998471021652	0.3000000
NOTE	126	25.6133995056152	0.723195314407349	0
NOTE	127	25.70161485672	0.60840916633606	0
NOTE	128	25.7898302078247	0.750829041004181	0
NOTE	129	25.8780455589294	0.60947197675705	0
NOTE	130	25.9662609100342	0.727446675300598	0
NOTE	131	26.0009994506836	0.303375542163849	0.3000000
NOTE	132	26.4126415252686	0.632854372262955	0
NOTE	133	26.5356292724609	0.506377011537552	0
NOTE	134	26.6394596099854	0.655173897743225	0
NOTE	135	26.7574520111084	0.509565472602844	0
NOTE	136	26.901123046875	0.671116411685944	0
NOTE	137	27.2268352508545	0.250233680009842	0
NOTE	138	27.5946331133782	0.581838250160217	0
NOTE	139	27.7785320281982	0.741263508796692	0
NOTE	140	27.4107341821164	0.391590774059296	0
NOTE	141	28.0009994506836	0.277867466211319	0
NOTE	142	28.2012243270874	0.39531072229147	0
NOTE	143	28.4014492034912	0.51275397837162	0
NOTE	144	28.601674079895	0.630197234451771	0
NOTE	145	28.8018988370895	0.747640490531921	0
NOTE	146	29.0009994506836	0.273616105318069	0
NOTE	147	29.2020696064155	0.383796655441738	0
NOTE	148	29.4031397621475	0.493977205565406	0
NOTE	149	29.6042098999023	0.604157745838165	0
NOTE	150	29.8011322021484	0.748703360557556	0
NOTE	151	29.9990005493164	0.600969314575195	0
NOTE	152	30.2174625396729	0.448983877897263	0
NOTE	153	30.2996196746826	0.39159083366394	0
NOTE	154	30.414945602417	0.289558678865433	0.3000000
NOTE	155	30.7540092468262	0.717881143093109	0.2095948
NOTE	156	31.1996286213398	0.283181667327881	0
NOTE	157	31.3705062866211	0.389465153217316	0
NOTE	158	31.4666748046875	0.267239153385162	0
NOTE	159	31.6114845275879	0.743389129638672	0
NOTE	160	31.7593746185303	0.637105643749237	0
NOTE	161	31.8881092071533	0.739137768745422	0
NOTE	162	32.0716590881348	0.275741785764694	0
NOTE	163	32.1984825134277	0.401156276464462	0
NOTE	164	32.3157196044922	0.273616135120392	0
NOTE	165	32.4279670715332	0.6530482172966	0
NOTE	166	32.5835151672363	0.530822217464447	0
NOTE	167	32.7065086364746	0.637105703353882	0
NOTE	168	33.000000	0.283181607723236	0
NOTE	169	33.0984893739223	0.395842105150223	0
NOTE	170	33.1984893977642	0.284244447946548	0
NOTE	171	33.301155090332	0.406470447778702	0
NOTE	172	33.4030723571777	0.286370158195496	0
NOTE	173	33.5011558532715	0.396904975175858	0
NOTE	174	33.6157035827637	0.711504101753235	0
NOTE	175	33.7900253534317	0.255547940731049	0
NOTE	176	34.0009994506836	0.637105703353882	0
NOTE	177	34.2138061523438	0.367145627737045	0
NOTE	178	34.4111099243164	0.621163129806519	0
NOTE	179	34.6045875549316	0.369271248579025	0
NOTE	180	34.8229713439941	0.625414490699768	0
NOTE	181	35.0009994506836	0.293809980154037	0
NOTE	182	35.2038497924805	0.748703300952911	0
NOTE	183	35.3954086303711	0.267239093780518	0
NOTE	184	35.611873626709	0.748703420162201	0
NOTE	185	35.7996025085449	0.273616135120392	0
NOTE	186	36.0009994506836	0.645608365535736	0
NOTE	187	36.21533203125	0.376711130142212	0
NOTE	188	36.3227615372454	0.488308817148209	0
NOTE	189	36.4301910432407	0.354391574859619	0
NOTE	190	36.5376205572402	0.460675090551376	0
NOTE	191	36.6450500552314	0.352265954017639	0
NOTE	192	36.7923202514648	0.71150416135788	0.2000168
NOTE	193	37.2095947265625	0.272553324699402	0.3000000
NOTE	194	38.2099723815918	0.423475831747055	0
NOTE	195	37.602294921875	0.722132444381714	0
NOTE	196	37.7861938476563	0.272553354501724	0
NOTE	197	37.9990005493164	0.725320994853973	0
NOTE	198	38.4264373779297	0.640294134616852	0
NOTE	199	38.5911827087402	0.403281956911087	0
NOTE	200	38.7999839782715	0.632854342460632	0
NOTE	201	39.0009994506836	0.271490454673767	0
NOTE	202	39.2264442443848	0.746577620506287	0
NOTE	203	39.3426864641345	0.630728662014008	0
NOTE	204	39.4589286838842	0.738074958324432	0
NOTE	205	39.5751709122947	0.621163129806519	0
NOTE	206	39.6914131233837	0.749766170978546	0
NOTE	207	39.8076553344727	0.623288810253143	0
NOTE	208	40.0009994506836	0.417098850011826	0.6656672
NOTE	209	5.90304660797119	0.482994586229324	0
LINK 1 2 3
LINK 4 5 6
LINK 16 17 18 19 20 21
LINK 29 30 31
LINK 32 33 34
LINK 35 36 37 38 39 40
LINK 47 48 49
LINK 50 51 52
LINK 55 56 57 58 59 60 61
LINK 63 64 65 66 67
LINK 69 70 71 72 73 74
LINK 81 82 83 84
LINK 85 86 87 88 89 90 91
LINK 96 97 98
LINK 99 100 101
LINK 105 106 102 103 104
LINK 107 108 109
LINK 115 116 117 118 119 120
LINK 121 122 123 124
LINK 126 127 128 129 130
LINK 132 133 134 135 136
LINK 150 151 152 153
LINK 156 157 158
LINK 159 160 161
LINK 162 163 164
LINK 165 166 167
LINK 168 169 170 171 172 173
LINK 187 188 189 190 191
LINK 202 203 204 205 206 207
