VERSION 2
BPM 240
PAGE_SHIFT 0
PAGE_SIZE 1
NOTE	0	0.351729929447174	0.273616135120392	0.3000000
NOTE	1	1.17128252983093	0.698750078678131	0.4915529
NOTE	2	2.35172963142395	0.272553324699402	0
NOTE	3	2.6467342376709	0.740200638771057	0
NOTE	4	2.94748544692993	0.268301993608475	0
NOTE	5	3.24599146842957	0.661550939083099	0
NOTE	6	3.41456532478333	0.354391545057297	0.2521014
NOTE	7	3.84174680709839	0.661550879478455	0
NOTE	8	4.15442180633545	0.270427614450455	0
NOTE	9	4.45325756072998	0.737012207508087	0
NOTE	10	4.73868322372437	0.265113472938538	0
NOTE	11	5.06017684936523	0.634770159609616	0
NOTE	12	5.35709667205811	0.385213792324066	0
NOTE	13	5.6578483581543	0.649859732482582	0
NOTE	14	5.83025312423706	0.418874906376004	0.1697469
NOTE	15	6.23679351806641	0.740200638771057	0
NOTE	16	6.55670022964478	0.274679005146027	0
NOTE	17	6.84978914260864	0.743389129638672	0
NOTE	18	7.15021085739136	0.383088111877441	0
NOTE	19	7.44904613494873	0.644545495510101	0
NOTE	20	7.7440505027771	0.397967845201492	0
NOTE	21	8.05672550201416	0.718943953514099	0
NOTE	22	8.22529983520508	0.271490454673767	0.3000000
NOTE	23	8.65056610107422	0.733823657035828	0
NOTE	24	8.93407535552979	0.270427614450455	0
NOTE	25	9.24024486541748	0.610534846782684	0
NOTE	26	9.5390796661377	0.357580095529556	0
NOTE	27	9.84557819366455	0.613723337650299	0
NOTE	28	10.1467599868774	0.264050632715225	0
NOTE	29	10.4341011047363	0.742326319217682	0
NOTE	30	10.6180000305176	0.26617631316185	0.3000000
NOTE	31	11.0525150299072	0.648796918621336	0
NOTE	32	11.3341102600098	0.366544102025536	0
NOTE	33	11.650185585022	0.648796918621336	0
NOTE	34	11.9394435882568	0.362894296646118	0
NOTE	35	12.5394592285156	0.26511338353157	0.3000000
NOTE	36	12.8287172317505	0.731698036193848	0.1655358
NOTE	37	12.2463712692261	0.739137828350067	0.3000000
NOTE	38	13.1540420949459	0.370334088802338	0.3000000
NOTE	39	13.4413833618164	0.642419815063477	0.3000000
NOTE	40	13.7421350479126	0.3756482899189	0.3000000
NOTE	41	14.0471477508545	0.732760787010193	0.3000000
NOTE	42	14.3459825515747	0.260862171649933	0.3000000
NOTE	43	14.6448183059692	0.746577680110931	0.3000000
NOTE	44	15.0010004043579	0.338449090719223	0.3000000
NOTE	45	15.2555694580078	0.638168513774872	0.3000000
NOTE	46	15.5393190383911	0.338449031114578	0.3000000
NOTE	47	15.8302526473999	0.632854342460632	0.2712742
NOTE	48	16.1525058746338	0.264050632715225	0.3000000
NOTE	49	16.4513416290283	0.748703360557556	0.3000000
NOTE	50	16.7578411102295	0.26617631316185	0.2230041
NOTE	51	17.0716705322266	0.637105703353882	0.3000000
NOTE	52	17.4241428375244	0.385213792324066	0.3000000
NOTE	53	17.671257019043	0.653048157691956	0.3000000
NOTE	54	18.0009994506836	0.254485160112381	0.3000000
NOTE	55	18.2808513641357	0.752954661846161	0.3000000
NOTE	56	18.5816020965576	0.26086214184761	0.3000000
NOTE	57	19.0009994506836	0.55207896232605	0.2308057
NOTE	58	19.5007667541504	0.724258124828339	0
NOTE	59	19.7766170501709	0.270427644252777	0
NOTE	60	20.0835441946983	0.650922536849976	0
NOTE	61	20.3383197784424	0.418161660432816	0
NOTE	62	20.6482639312744	0.737012147903442	0
NOTE	63	20.8153076171875	0.555267453193665	0
NOTE	64	21.0009994506836	0.271490395069122	0
NOTE	65	21.1559581756592	0.485120296478271	0
NOTE	66	21.3570976257324	0.538262069225311	0
NOTE	67	21.5486583709717	0.284244477748871	0
NOTE	68	21.8245067596436	0.738075017929077	0
NOTE	69	22.1697463989258	0.394779294729233	0
NOTE	70	22.453257381916	0.622225999832153	0
NOTE	71	22.7367687225342	0.394779294729233	0
NOTE	72	23.0448513031006	0.745514810085297	0
NOTE	73	23.3360252380371	0.249170958995819	0
NOTE	74	23.6444396972656	0.749766230583191	0
NOTE	75	23.9451904296875	0.253422260284424	0
NOTE	76	24.2502021789551	0.620100319385529	0
NOTE	77	24.5681934356689	0.377773970365524	0
NOTE	78	24.8478736877441	0.615848958492279	0
NOTE	79	25.1597881317139	0.251296609640121	0
NOTE	80	25.4413833618164	0.750828981399536	0
NOTE	81	25.7555443644524	0.255547940731049	0
NOTE	82	26.0643882751465	0.648796856403351	0
NOTE	83	26.3459815979004	0.388402312994003	0
NOTE	84	26.6237468719482	0.648796856403351	0
NOTE	85	26.8881015777588	0.388402312994003	0
NOTE	86	27.2517375946045	0.728509485721588	0
NOTE	87	27.5390802025795	0.260862112045288	0
NOTE	88	27.8547687530518	0.740200638771057	0
NOTE	89	27.9988269805908	0.521256566047668	0
NOTE	90	28.439847946167	0.353328794240952	0
NOTE	91	28.7463455200195	0.577586889266968	0.2843038
NOTE	92	29.0540409088135	0.26405057311058	0
NOTE	93	29.2115097045898	0.471303462982178	0
NOTE	94	29.6766147613525	0.727446615695953	0
NOTE	95	29.8360004425049	0.504251301288605	0
NOTE	96	30.2708860635757	0.277867496013641	0
NOTE	97	30.414945602417	0.447921067476273	0
NOTE	98	30.8421268463135	0.685996055603027	0
NOTE	99	31.1540431976318	0.299124121665955	0.3000000
NOTE	100	31.6268100738525	0.734886467456818	0
NOTE	101	31.8360004425049	0.482994586229324	0
NOTE	102	32.0758819580078	0.28955864906311	0
NOTE	103	32.2195510864258	0.694498836994171	0.2440529
NOTE	104	32.6425170898438	0.279993146657944	0
NOTE	105	32.7904052734375	0.462800741195679	0
NOTE	106	33.2574844360352	0.664739429950714	0
NOTE	107	33.558235168457	0.264050602912903	0.3000000
NOTE	108	33.8509368896484	0.706189930438995	0
NOTE	109	33.9990005493164	0.480868935585022	0
NOTE	110	34.4490394592285	0.37777391076088	0
NOTE	111	34.6199188232422	0.573335528373718	0
NOTE	112	35.0636215209961	0.730635106563568	0
NOTE	113	35.2574844360352	0.524445116519928	0
NOTE	114	35.6272010803223	0.370334088802338	0.3000000
NOTE	115	36.2651405334473	0.732760787010193	0
NOTE	116	36.441764831543	0.534010648727417	0
NOTE	117	36.8455696105957	0.276804625988007	0
NOTE	118	36.9990005493164	0.485120236873627	0
NOTE	119	37.4509620666504	0.670053541660309	0
NOTE	120	37.611873626709	0.289558738470078	0.3000000
NOTE	121	38.0509787499905	0.700875759124756	0.3000000
NOTE	122	38.3459815979004	0.386276602745056	0.3000000
NOTE	123	38.6482620239258	0.738075017929077	0
NOTE	124	38.8095626831055	0.561644375324249	0
NOTE	125	39.2498245239258	0.279993116855621	0
NOTE	126	39.4011573791504	0.720006823539734	0.3000000
NOTE	127	39.8566856384277	0.254485100507736	0
NOTE	128	39.9990005493164	0.472366243600845	0
NOTE	129	40.1486778259277	0.640294194221497	0.3494072
NOTE	130	40.7501754760742	0.281055927276611	0
NOTE	131	41.0716705322266	0.608649134635925	0
NOTE	132	41.399242401123	0.414973199367523	0
NOTE	133	41.6597633361816	0.615848958492279	0
NOTE	134	41.9471054077148	0.454023810665397	0
NOTE	135	42.2521171569824	0.734640062968381	0
NOTE	136	42.4360160827637	0.262987792491913	0.2306506
NOTE	137	42.8421287536621	0.749766170978546	0
NOTE	138	43.4796943664551	0.666865050792694	0
NOTE	139	43.6272010803223	0.440481221706058	0.3000000
NOTE	140	43.1521263122559	0.440481221706058	0
NOTE	141	44.0643844604492	0.725320994853973	0
NOTE	142	44.213809967041	0.294872850179672	0.3000000
NOTE	143	44.6371574401855	0.737012147903442	0
NOTE	144	44.8421287536621	0.301249802112579	0.1655358
NOTE	145	45.2364120483398	0.612660467624664	0
NOTE	146	45.5467376708984	0.379899621009827	0
NOTE	147	45.795772254467	0.599906444549561	0.2042277
NOTE	148	46.4532585144043	0.264050602912903	0
NOTE	149	46.7463455200195	0.748703360557556	0
NOTE	150	47.0544281005859	0.399030685424805	0
NOTE	151	47.1942710876465	0.627540230751038	0.3000000
NOTE	152	47.636775970459	0.399030685424805	0
NOTE	153	47.9490203857422	0.634980022907257	0
NOTE	154	48.2440643310547	0.270427644252777	0
NOTE	155	48.3900413513184	0.47449192404747	0
NOTE	156	48.8168334960938	0.725320994853973	0
NOTE	157	48.9970855712891	0.539324879646301	0
NOTE	158	49.454402923584	0.279993116855621	0
NOTE	159	49.6272010803223	0.478743225336075	0
NOTE	160	50.0548095703125	0.721069633960724	0.3000000
NOTE	161	50.338321685791	0.308689653873444	0
NOTE	162	50.6543998718262	0.726383805274963	0
NOTE	163	51.2555732727051	0.639231324195862	0
NOTE	164	50.9990005493164	0.308689713478088	0
NOTE	165	51.483528137207	0.380962431430817	0.2348582
NOTE	166	52.4398460388184	0.50212562084198	0.3000000
NOTE	167	53.0348854064941	0.249170958995819	0
NOTE	168	53.2364120483398	0.446858257055283	0
NOTE	169	53.6497993469238	0.749766170978546	0
NOTE	170	53.8149261474609	0.541450500488281	0
NOTE	171	54.2559509277344	0.292747139930725	0
NOTE	172	54.3900451660156	0.716818332672119	0.3000000
NOTE	173	54.8631973266602	0.275741785764694	0
NOTE	174	55.4969329833984	0.367145568132401	0
NOTE	175	55.1617050170898	0.597780764102936	0
NOTE	176	55.6176223754883	0.592466592788696	0.3000000
NOTE	177	56.0663070678711	0.729572296142578	0
NOTE	178	56.2042236328125	0.256610751152039	0.2536316
NOTE	179	56.6563110351563	0.734886467456818	0
NOTE	180	56.8210525512695	0.265113472938538	0.1693670
NOTE	181	57.2517395019531	0.606283485889435	0.3000000
NOTE	182	57.8049659729004	0.307626873254776	0
NOTE	183	57.9990005493164	0.460675090551376	0
NOTE	184	58.4298782348633	0.737012147903442	0
NOTE	185	58.6218299865723	0.55101603269577	0
NOTE	186	59.0444641113281	0.26830193400383	0
NOTE	187	59.1866073608398	0.435167044401169	0
NOTE	188	59.3647575378418	0.648796856403351	0.3000000
NOTE	189	51.8681793212891	0.731697976589203	0
NOTE	190	51.9990005493164	0.541450500488281	0
LINK 62 63
LINK 64 65
LINK 88 89
LINK 92 93
LINK 94 95
LINK 96 97
LINK 100 101
LINK 104 105
LINK 108 109
LINK 110 111
LINK 112 113
LINK 115 116
LINK 117 118
LINK 123 124
LINK 127 128
LINK 154 155
LINK 156 157
LINK 158 159
LINK 167 168
LINK 169 170
LINK 182 183
LINK 184 185
LINK 186 187
LINK 189 190
