VERSION 2
BPM 240
PAGE_SHIFT 0
PAGE_SIZE 1
NOTE	0	0.570003509521484	0.304253160953522	0.3000000
NOTE	1	1.23584842681885	0.713120818138123	0.3000000
NOTE	2	2.00099992752075	0.321627140045166	0.2404784
NOTE	3	2.42595815658569	0.746710538864136	0
NOTE	4	2.75997614860535	0.267188668251038	0
NOTE	5	3.10641646385193	0.598467886447906	0
NOTE	6	3.46966123580933	0.33206695318222	0
NOTE	7	3.82455539703369	0.606560468673706	0
NOTE	8	4.15456867218018	0.268346935510635	0
NOTE	9	4.50946283340454	0.749027073383331	0
NOTE	10	4.86018180847168	0.260239064693451	0
NOTE	11	5.21497249603271	0.60076904296875	0
NOTE	12	5.56151580810547	0.386489987373352	0
NOTE	13	5.90179681777954	0.607718706130981	0
NOTE	14	6.25477409362793	0.255606025457382	0
NOTE	15	6.60549306869507	0.754818379878998	0
NOTE	16	6.93533563613892	0.263713866472244	0
NOTE	17	7.31935262680054	0.606560409069061	0
NOTE	18	7.62414455413818	0.430504113435745	0.2425908
NOTE	19	8.02096176147461	0.732811331748962	0
NOTE	20	8.34662914276123	0.259080797433853	0
NOTE	21	8.6952600479126	0.744394063949585	0
NOTE	22	9.06675148010254	0.366799503564835	0
NOTE	23	9.39868259429932	0.626250922679901	0
NOTE	24	9.74105072021484	0.380698680877686	0
NOTE	25	10.0961151123047	0.729336500167847	0
NOTE	26	10.4551848173141	0.249814689159393	0
NOTE	27	10.7829399108887	0.740919172763824	0
NOTE	28	11.1544313430786	0.433978915214539	0
NOTE	29	11.4988880157471	0.296145290136337	0
NOTE	30	11.8370809555054	0.42818757891655	0
NOTE	31	12.2130222320557	0.611193478107452	0
NOTE	32	12.5637407302856	0.730494856834412	0
NOTE	33	12.8434810638428	0.484942585229874	0.1565189
NOTE	34	13.5302019119263	0.349425494670868	0.3000000
NOTE	35	14.2777376174927	0.687639057636261	0.3000000
NOTE	36	14.6432753801346	0.267188668251038	0
NOTE	37	14.810079574585	0.465252071619034	0
NOTE	38	15.1337614059448	0.736286222934723	0
NOTE	39	15.2922143936157	0.504633069038391	0
NOTE	40	15.8725700378418	0.301936626434326	0
NOTE	41	16.1942329406738	0.64246666431427	0.4724337
NOTE	42	17.1001529693604	0.259080797433853	0
NOTE	43	17.296594619751	0.727020025253296	0
NOTE	44	17.4613094329834	0.508107841014862	0
NOTE	45	17.5970054864883	0.282246112823486	0
NOTE	46	17.792197227478	0.29614531993866	0
NOTE	47	17.987389087677	0.320468902587891	0
NOTE	48	18.1553287506104	0.719849228858948	0
NOTE	49	18.3370668292046	0.688442170619965	0
NOTE	50	18.6767082214355	0.660341143608093	0.2281279
NOTE	51	19.5020523071289	0.719849288463593	0
NOTE	52	19.176778793335	0.283456802368164	0
NOTE	53	19.8685035705566	0.286762714385986	0
NOTE	54	20.2000179290771	0.653729140758514	0
NOTE	55	20.5664730072021	0.410737872123718	0
NOTE	56	20.903135061264	0.642158150672913	0
NOTE	57	21.2577476501465	0.263620734214783	0
NOTE	58	21.5824928283691	0.73307329416275	0
NOTE	59	21.9608631134033	0.286762744188309	0
NOTE	60	22.2834396362305	0.614057123661041	0
NOTE	61	22.6588325500488	0.371065847427875	0
NOTE	62	22.9990005493164	0.596803330178474	0
NOTE	63	23.3352088928223	0.270232737064362	0
NOTE	64	23.7254981994629	0.746297240257263	0
NOTE	65	24.0689296722412	0.414043962955475	0
NOTE	66	24.3966522216797	0.632240116596222	0
NOTE	67	24.7333145737648	0.356188863515854	0.2666854
NOTE	68	25.4514026641846	0.686789214611053	0
NOTE	69	25.6122856140137	0.276844680309296	0
NOTE	70	25.8310699462891	0.709931194782257	0
NOTE	71	25.9990005493164	0.509918034076691	0
NOTE	72	26.1566257476807	0.296680808067322	0
NOTE	73	26.3162117004395	0.501653015613556	0
NOTE	74	26.4919891357422	0.719849288463593	0.3000000
NOTE	75	27.0402584075928	0.291721850633621	0.3000000
NOTE	76	27.3769207000732	0.51653003692627	0.3000000
NOTE	77	28.2519626617432	0.724808275699615	0
NOTE	78	28.4055919647217	0.589262127876282	0
NOTE	79	28.5826663970947	0.252049744129181	0
NOTE	80	28.75417137146	0.466939926147461	0
NOTE	81	28.9441108703613	0.752909302711487	0
NOTE	82	29.1207008361816	0.569426119327545	0
NOTE	83	29.785083770752	0.726461172103882	0
NOTE	84	29.2918167114258	0.3677599132061	0
NOTE	85	29.4841766357422	0.567773103713989	0
NOTE	86	30.1774806976318	0.265273839235306	0
NOTE	87	30.3430252075195	0.485123008489609	0
NOTE	88	30.6588325500488	0.714890241622925	0
NOTE	89	31.0372791290283	0.371065855026245	0
NOTE	90	31.3501052856445	0.590915083885193	0
NOTE	91	31.7016639709473	0.37933087348938	0
NOTE	92	32.0868034362793	0.746297299861908	0
NOTE	93	32.411548614502	0.257008820772171	0
NOTE	94	32.772045135498	0.74133825302124	0
NOTE	95	33.1326179504395	0.356188833713531	0
NOTE	96	33.478214263916	0.594221115112305	0
NOTE	97	33.811897277832	0.351229846477509	0
NOTE	98	34.1642684936523	0.736379206180573	0
NOTE	99	34.50390625	0.270232766866684	0
NOTE	100	34.8614234924316	0.733073234558105	0
NOTE	101	35.2190170288086	0.380983889102936	0
NOTE	102	35.5765342712402	0.599180102348328	0
NOTE	103	35.9174690246582	0.273538678884506	0
NOTE	104	36.0009994506836	0.389248937368393	0
NOTE	105	36.1927475004159	0.367759883403778	0
NOTE	106	36.3844955501481	0.352882891893387	0
NOTE	107	36.5762436141667	0.342964857816696	0
NOTE	108	36.7679916496127	0.361147880554199	0
NOTE	109	36.6230812072754	0.731420278549194	0
NOTE	110	36.9597396850586	0.385942816734314	0
NOTE	111	37.1511878967285	0.496693998575211	0
NOTE	112	37.3245887756348	0.50826507806778	0
NOTE	113	37.4901313781738	0.509917974472046	0
NOTE	114	37.6526985168457	0.514877021312714	0
NOTE	115	37.8549041748047	0.504959046840668	0
NOTE	116	38.197021484375	0.622322201728821	0
NOTE	117	38.3695011138916	0.642158150672913	0
NOTE	118	38.0009994506836	0.756215274333954	0
NOTE	119	38.5390014648438	0.652076244354248	0
NOTE	120	38.7144603729248	0.655382215976715	0
NOTE	121	38.8869400024414	0.63719916343689	0
NOTE	122	38.9990005493164	0.577691078186035	0
NOTE	123	39.0761642456055	0.495041012763977	0
NOTE	124	39.2459831237793	0.488428950309753	0
NOTE	125	39.4007530212402	0.731420278549194	0
NOTE	126	39.4139671325684	0.495040953159332	0
NOTE	127	39.5854721069336	0.503305971622467	0
NOTE	128	39.7480354309082	0.504958987236023	0
NOTE	129	39.9353446960449	0.496693968772888	0
NOTE	130	40.1165809631348	0.422308921813965	0
NOTE	131	40.2875961329194	0.390901893377304	0
NOTE	132	40.4586113027041	0.385942876338959	0
NOTE	133	40.6326065063477	0.379330903291702	0
NOTE	134	40.8036193847656	0.382636904716492	0
NOTE	135	40.8077964782715	0.74133825302124	0
NOTE	136	40.9835739135742	0.334699809551239	0
NOTE	137	41.1523323059082	0.255355775356293	0
NOTE	138	41.3370513916016	0.243784755468369	0
NOTE	139	41.503345489502	0.253702908754349	0
NOTE	140	41.6748504638672	0.270232707262039	0
NOTE	141	41.8433723449707	0.288415759801865	0
NOTE	142	42.0255165100098	0.366106867790222	0
NOTE	143	42.2034187316895	0.41404390335083	0
NOTE	144	42.3821754455566	0.428920924663544	0
NOTE	145	42.5439338684082	0.442144960165024	0
NOTE	146	42.712459564209	0.43883889913559	0
NOTE	147	42.8899192810059	0.437185943126678	0
NOTE	148	42.1910820007324	0.738032281398773	0
NOTE	149	43.0702056884766	0.528101086616516	0
NOTE	150	43.2439064051762	0.566450774669647	0
NOTE	151	43.4176071218759	0.587609112262726	0
NOTE	152	43.5913078515173	0.587278485298157	0
NOTE	153	43.7650085552752	0.584964334964752	0
NOTE	154	43.9387092590332	0.560499846935272	0
NOTE	155	43.5675953626633	0.739685237407684	0
NOTE	156	47.0849494934082	0.498346984386444	0.4150505
NOTE	157	47.5497195124626	0.323128819465637	0.3000000
NOTE	158	44.1344566345215	0.341311991214752	0
NOTE	159	44.2804412841797	0.272783041000366	0
NOTE	160	44.453239440918	0.266265511512756	0
NOTE	161	44.6213989257813	0.268768697977066	0
NOTE	162	44.8077964782715	0.291958004236221	0
NOTE	163	44.9644012451172	0.364453822374344	0
NOTE	164	45.0009994506836	0.528101027011871	0
NOTE	165	45.0670738220215	0.640505194664001	0
NOTE	166	45.1849479675293	0.708278238773346	0
NOTE	167	45.3454437255859	0.746297240257263	0
NOTE	168	45.5020523071289	0.742991209030151	0
NOTE	169	45.6748504638672	0.752909302711487	0.2238532
NOTE	170	46.0612869262695	0.31155788898468	0
NOTE	171	46.2327919006348	0.452062994241714	0
NOTE	172	46.4145278930664	0.642158150672913	0.3000000
NOTE	173	48.3817558288574	0.713237226009369	0.3000000
NOTE	174	49.233913064003	0.367759883403778	0.3000000
LINK 36 37
LINK 38 39
LINK 43 44
LINK 70 71
LINK 72 73
LINK 77 78
LINK 79 80
LINK 81 82
LINK 84 85
LINK 86 87
LINK 103 104 105 106 107 108 110 111 112 113 114 115 116 117 119 120 121 122 123 124 126 127 128 129 130 131 132 133 134 136 137 138 139 140 141 142 143 144 145 146 147 149 150 151 152 153 154 158 159 160 161 162 163 164 165 166 167 168
LINK 170 171
