VERSION 2
BPM 240
PAGE_SHIFT 0
PAGE_SIZE 1
NOTE	0	0.00100000004749745	0.296680837869644	0
NOTE	1	0.217894554138184	0.734726250171661	0
NOTE	2	0.423466742038727	0.298333793878555	0
NOTE	3	0.661811232566834	0.73307329416275	0.3000000
NOTE	4	1.16538894176483	0.428920954465866	0.3000000
NOTE	5	1.86254680156708	0.571079015731812	0
NOTE	6	2.11659812927246	0.285109728574753	0
NOTE	7	2.34302568435669	0.742991268634796	0
NOTE	8	2.57839059829712	0.293374836444855	0.3000000
NOTE	9	3.08494782447815	0.62066912651062	0.3000000
NOTE	10	3.80593967437744	0.428920924663544	0
NOTE	11	4.04509484767914	0.704972207546234	0
NOTE	12	4.2715220451355	0.293374806642532	0
NOTE	13	4.50986671447754	0.708278179168701	0.3000000
NOTE	14	5.00099992752075	0.359494864940643	0.3000000
NOTE	15	6.45325994491577	0.493388026952744	0.3000000
NOTE	16	5.71358156204224	0.678524196147919	0.2864184
NOTE	17	7.62718152999878	0.713237226009369	0.3000000
NOTE	18	7.15774726867676	0.263620644807816	0
NOTE	19	7.29051971435547	0.415696918964386	0
NOTE	20	7.40541648864746	0.265273749828339	0
NOTE	21	7.5212230682373	0.423961997032166	0
NOTE	22	7.63611936569214	0.280150830745697	0
NOTE	23	8.39069366455078	0.493387937545776	0.3000000
NOTE	24	8.79885959625244	0.733073234558105	0.2011404
NOTE	25	9.52886390686035	0.299986839294434	0.3000000
NOTE	26	10.2208738327026	0.754562258720398	0.3000000
NOTE	27	10.7184181213379	0.481817007064819	0.2815819
NOTE	28	11.4603404998779	0.268579751253128	0.3000000
NOTE	29	11.7416915893555	0.739685297012329	0
NOTE	30	11.8982982635498	0.528101086616516	0
NOTE	31	12.2000188827515	0.432226955890656	0.3000000
NOTE	32	12.6528739929199	0.658688187599182	0.2994578
NOTE	33	13.3888368606567	0.265273779630661	0.3000000
NOTE	34	13.6821050643921	0.742991268634796	0
NOTE	35	13.8506288528442	0.542978048324585	0
NOTE	36	14.1434116363525	0.432226955890656	0.3000000
NOTE	37	14.5754117965698	0.650423228740692	0.3000000
NOTE	38	15.3083953857422	0.30659881234169	0.3000000
NOTE	39	15.6612510681152	0.716543197631836	0
NOTE	40	15.8089189529419	0.508265018463135	0
NOTE	41	16.0689296722412	0.385942935943604	0.3000000
NOTE	42	16.5247631072998	0.708278238773346	0.3000000
NOTE	43	17.2368923723698	0.308251768350601	0.3000000
NOTE	44	17.4973888397217	0.685136198997498	0
NOTE	45	17.6480388641357	0.499999940395355	0
NOTE	46	18.0009994506836	0.412390887737274	0.3000000
NOTE	47	18.4562397003174	0.736379265785217	0.3000000
NOTE	48	19.135595947504	0.323128819465637	0.3000000
NOTE	49	19.4288635253906	0.704972267150879	0
NOTE	50	19.6152648925781	0.50826507806778	0
NOTE	51	19.8744639158249	0.313210844993591	0
NOTE	52	20.3340873718262	0.701666176319122	0.3000000
NOTE	53	21.0938854217529	0.316516816616058	0.3000000
NOTE	54	21.4020500183105	0.713237226009369	0
NOTE	55	21.5914306640625	0.514877021312714	0
NOTE	56	21.7970027923584	0.301639825105667	0
NOTE	57	22.2685413360596	0.594221115112305	0.3000000
NOTE	58	23.0009994506836	0.308251768350601	0
NOTE	59	23.2769203186035	0.728114247322083	0
NOTE	60	23.4603404998779	0.55950802564621	0
NOTE	61	23.7297744750977	0.276844799518585	0
NOTE	62	23.9042587280273	0.455369055271149	0
NOTE	63	24.2042942047119	0.734726250171661	0
NOTE	64	24.414529800415	0.557855069637299	0
NOTE	65	24.7077980041504	0.27188578248024	0
NOTE	66	24.903133392334	0.443798005580902	0
NOTE	67	25.1964778900146	0.726461231708527	0
NOTE	68	25.3977756500244	0.546284019947052	0
NOTE	69	25.673168182373	0.268579810857773	0
NOTE	70	25.8595657348633	0.458674937486649	0
NOTE	71	26.1178951263428	0.728114247322083	0
NOTE	72	26.3281288146973	0.546284079551697	0
NOTE	73	26.5916042327881	0.28510981798172	0
NOTE	74	26.7869434356689	0.481817007064819	0
NOTE	75	27.0846920013428	0.728509485721588	0
NOTE	76	27.2957973480225	0.540387749671936	0
NOTE	77	27.5635948181152	0.268301963806152	0
NOTE	78	27.7708702087402	0.462800741195679	0
NOTE	79	28.0429286956787	0.761457324028015	0
NOTE	80	28.2693576812744	0.558455884456635	0
NOTE	81	28.5314102172852	0.282118827104568	0
NOTE	82	28.7482624053955	0.464926421642303	0
NOTE	83	29.0067462921143	0.764645874500275	0
NOTE	84	29.2421607971191	0.594592332839966	0
NOTE	85	29.4927177429199	0.265113472938538	0
NOTE	86	29.7019081115723	0.499999970197678	0
NOTE	87	30.0009994506836	0.739137828350067	0
NOTE	88	30.1946487426758	0.55207884311676	0
NOTE	89	34.5241394042969	0.703001439571381	0
NOTE	90	34.7597541809082	0.703001439571381	0
NOTE	91	35.2325859069824	0.255548000335693	0.3000000
NOTE	92	35.6999931335449	0.739137828350067	0.2827679
NOTE	93	30.6980676054955	0.278930306434631	0
NOTE	94	30.9206657409668	0.472366243600845	0
NOTE	95	31.4046001434326	0.740200638771057	0
NOTE	96	31.611873626709	0.54889041185379	0
NOTE	97	31.8432750701904	0.282118827104568	0
NOTE	98	31.9990005493164	0.47874328494072	0
NOTE	99	32.5988426208496	0.705127120018005	0
NOTE	100	32.8517036437988	0.705127120018005	0
NOTE	101	33.5563201904297	0.29593563079834	0
NOTE	102	33.7976875305176	0.29593563079834	0
NOTE	103	33.3302803039551	0.29593563079834	0
NOTE	104	34.9990005493164	0.703001439571381	0
NOTE	105	36.4590034484863	0.352265924215317	0.3000000
NOTE	106	37.1578712463379	0.715755462646484	0.3000000
NOTE	107	37.6195373535156	0.50531417131424	0.3000000
NOTE	108	38.3574752807617	0.269364774227142	0
NOTE	109	38.5950126647949	0.266176283359528	0
NOTE	110	38.8382949829102	0.287432998418808	0
NOTE	111	39.0869941711426	0.428790032863617	0
NOTE	112	39.3130378723145	0.462800770998001	0
NOTE	113	39.558235168457	0.474491953849792	0
NOTE	114	39.7996025085449	0.484057426452637	0
NOTE	115	40.0433158874512	0.619037449359894	0
NOTE	116	40.2789344787598	0.633917093276978	0
NOTE	117	40.5030632019043	0.637105643749237	0
NOTE	118	40.7444305419922	0.639231324195862	0
NOTE	119	41.0122871398926	0.675367772579193	0
NOTE	120	41.2402420043945	0.748703360557556	0
NOTE	121	41.4605407714844	0.76358300447464	0
NOTE	122	41.7114868164063	0.764645874500275	0
NOTE	123	41.9490203857422	0.728509485721588	0
NOTE	124	42.1889038085938	0.60415780544281	0
NOTE	125	42.428352355957	0.591403782367706	0
NOTE	126	42.6678047180176	0.571209907531738	0
NOTE	127	42.9091720581055	0.554204523563385	0
NOTE	128	43.1502113342285	0.434104144573212	0
NOTE	129	43.3934936523438	0.426664352416992	0
NOTE	130	43.6291122436523	0.428790032863617	0
NOTE	131	43.8666496276855	0.423475831747055	0
NOTE	132	44.1103630065918	0.288495808839798	0
NOTE	133	44.344066619873	0.276804625988007	0
NOTE	134	44.5816040039063	0.267239153385162	0
NOTE	135	44.8210525512695	0.26617631316185	0
NOTE	136	45.0697555541992	0.385213792324066	0
NOTE	137	45.3092079162598	0.436229854822159	0
NOTE	138	45.5467414855957	0.44792103767395	0
NOTE	139	45.7900238037109	0.454298079013824	0
NOTE	140	46.0414009094238	0.578649759292603	0
NOTE	141	50.1199417114258	0.55526739358902	0
NOTE	142	50.3344917297363	0.689184606075287	0
NOTE	143	50.5854339599609	0.759331703186035	0
NOTE	144	50.8287124633789	0.675367712974548	0
NOTE	145	49.8704833984375	0.365527510643005	0
NOTE	146	46.2751083374023	0.591403722763062	0
NOTE	147	46.5126419067383	0.595655083656311	0
NOTE	148	46.7616729736328	0.596718013286591	0
NOTE	149	47.0009994506836	0.65198540687561	0
NOTE	150	47.2306671142578	0.744451999664307	0
NOTE	151	47.4701194763184	0.76252019405365	0
NOTE	152	47.7076530456543	0.776337087154388	0
NOTE	153	47.9413604736328	0.734886467456818	0
NOTE	154	48.1774063110352	0.611597657203674	0
NOTE	155	48.422607421875	0.591403782367706	0
NOTE	156	48.6582298278809	0.585026800632477	0
NOTE	157	48.9015121459961	0.543576240539551	0
NOTE	158	49.1540451049805	0.401156306266785	0
NOTE	159	49.3724212646484	0.314606598704085	0
NOTE	160	49.6252822875977	0.253422260284424	0
NOTE	161	51.0697555541992	0.486183166503906	0
NOTE	162	51.3092079162598	0.317192286252975	0
NOTE	163	51.5544052124023	0.26936474442482	0
NOTE	164	51.8206748962402	0.332072019577026	0
NOTE	165	52.0318222045898	0.514879643917084	0
NOTE	166	52.2674407958984	0.670053541660309	0
NOTE	167	52.512638092041	0.756143152713776	0
NOTE	168	52.7482604980469	0.674304842948914	0
NOTE	169	53.0009994506836	0.515942513942719	0
NOTE	170	53.2459945678711	0.414973169565201	0.3000000
NOTE	171	53.6923294067383	0.740200638771057	0
NOTE	172	53.9413566589355	0.611597657203674	0
NOTE	173	54.1908187866211	0.4521723985672	0
NOTE	174	54.4360160827637	0.315066635608673	0
NOTE	175	54.6888732910156	0.327820748090744	0
NOTE	176	54.9264106750488	0.484057456254959	0
NOTE	177	55.1502113342285	0.616911828517914	0
NOTE	178	55.399242401123	0.680681884288788	0
NOTE	179	55.6444396972656	0.693435966968536	0
NOTE	180	55.8704795837402	0.643482685089111	0
NOTE	181	56.1199417114258	0.47980609536171	0
NOTE	182	56.3555603027344	0.402219176292419	0
NOTE	183	56.6084175109863	0.400093495845795	0
NOTE	184	56.8402099609375	0.435167044401169	0
NOTE	185	57.0640068054199	0.590340912342072	0
NOTE	186	57.3149528503418	0.634980022907257	0
NOTE	187	57.5563201904297	0.662613749504089	0
NOTE	188	57.7938537597656	0.656236708164215	0
NOTE	189	58.0452308654785	0.51225543438207	0
NOTE	190	58.2808494567871	0.353789646238525	0
NOTE	191	58.5222206115723	0.352265928520712	0
NOTE	192	58.7463455200195	0.358257293701172	0
NOTE	193	58.9990005493164	0.475554764270782	0
NOTE	194	59.4662895202637	0.515942513942719	0.3000000
LINK 18 19 20 21 22
LINK 29 30
LINK 34 35
LINK 39 40
LINK 44 45
LINK 49 50
LINK 54 55
LINK 59 60
LINK 61 62
LINK 63 64
LINK 65 66
LINK 67 68
LINK 69 70
LINK 71 72
LINK 73 74
LINK 75 76
LINK 77 78
LINK 79 80
LINK 81 82
LINK 83 84
LINK 85 86
LINK 87 88
LINK 93 94
LINK 95 96
LINK 97 98
