VERSION 2
BPM 240
PAGE_SHIFT 0
PAGE_SIZE 1
NOTE	0	0.725274384021759	0.704064249992371	0
NOTE	1	1.05251467227936	0.318255215883255	0
NOTE	2	1.4337215423584	0.589278101921082	0
NOTE	3	1.77470052242279	0.403281986713409	0
NOTE	4	2.70611834526062	0.278930276632309	0
NOTE	5	2.18124032020569	0.706189930438995	0.3000000
NOTE	6	3.0467677116394	0.691310226917267	0
NOTE	7	3.39732480049133	0.404344797134399	0
NOTE	8	3.76703810691834	0.588215291500092	0
NOTE	9	4.15825319290161	0.29487282037735	0.3000000
NOTE	10	4.68313074111938	0.725320994853973	0
NOTE	11	5.02186489105225	0.368208438158035	0
NOTE	12	5.39349365234375	0.602032124996185	0
NOTE	13	5.75937557220459	0.385213792324066	0
NOTE	14	6.13909721374512	0.708315670490265	0.3000000
NOTE	15	6.66397476196289	0.267239153385162	0
NOTE	16	6.99900007247925	0.696624457836151	0
NOTE	17	7.3532657623291	0.405407607555389	0
NOTE	18	7.72680997848511	0.602032124996185	0
NOTE	19	8.1141939163208	0.302312672138214	0.3000000
NOTE	20	8.64290237426758	0.71362978219986	0
NOTE	21	8.99899959564209	0.304438322782516	0
NOTE	22	9.34943389892578	0.612660467624664	0
NOTE	23	9.71914863586426	0.399030655622482	0
NOTE	24	10.0854597091675	0.703001439571381	0.3000000
NOTE	25	10.6352405548096	0.302312612533569	0
NOTE	26	10.9628105163574	0.705127060413361	0
NOTE	27	11.3379411697388	0.413910299539566	0
NOTE	28	11.7076539993286	0.616911828517914	0
NOTE	29	12.0892906188965	0.323569387197495	0.3000000
NOTE	30	12.6026754379272	0.728509485721588	0
NOTE	31	12.9340763092041	0.283181637525558	0
NOTE	32	13.3226156234741	0.616911768913269	0
NOTE	33	13.6827516555786	0.402219116687775	0
NOTE	34	14.0663032531738	0.716818332672119	0.3000000
NOTE	35	14.5624475479126	0.274678945541382	0
NOTE	36	14.9130048751831	0.728509426116943	0
NOTE	37	15.3034601211548	0.372459769248962	0
NOTE	38	15.6750888824463	0.613723278045654	0
NOTE	39	16.0624732971191	0.31612953543663	0.3000000
NOTE	40	16.5892658233643	0.729572296142578	0
NOTE	41	16.9225826263428	0.309752523899078	0
NOTE	42	17.2900505065918	0.623288869857788	0
NOTE	43	17.663595199585	0.389465123414993	0
NOTE	44	18.0433158874512	0.699812889099121	0.3000000
NOTE	45	18.5356292724609	0.28955864906311	0
NOTE	46	18.8823547363281	0.727446675300598	0
NOTE	47	19.2728099822998	0.379899621009827	0
NOTE	48	19.638692855835	0.606283485889435	0
NOTE	49	20.0433158874512	0.332072049379349	0.3000000
NOTE	50	20.5413761138916	0.734886527061462	0
NOTE	51	20.8708610534668	0.306564033031464	0
NOTE	52	21.2421602606773	0.640294194221497	0
NOTE	53	21.621452331543	0.404344797134399	0
NOTE	54	22.0030899047852	0.689184546470642	0.3000000
NOTE	55	22.5452060699463	0.286370128393173	0
NOTE	56	22.7612838745117	0.729572355747223	0
NOTE	57	22.9494018554688	0.559518754482269	0
NOTE	58	23.1594009399414	0.273616135120392	0
NOTE	59	23.3283634185791	0.438355535268784	0
NOTE	60	23.6076545715332	0.734886467456818	0
NOTE	61	23.7229804992676	0.547827482223511	0
NOTE	62	23.8566837310791	0.741263508796692	0
NOTE	63	23.9509372711182	0.569084286689758	0
NOTE	64	23.9990005493164	0.727446675300598	0
NOTE	65	24.2463712394238	0.325695037841797	0.3000000
NOTE	66	24.7421264648438	0.748703360557556	0
NOTE	67	24.9608936309814	0.560581564903259	0
NOTE	68	25.8336963653564	0.722132444381714	0
NOTE	69	25.9606876373291	0.493622958660126	0
NOTE	70	26.2138061523438	0.316129505634308	0.3000000
NOTE	71	25.466287612915	0.294872790575027	0
NOTE	72	26.7022857666016	0.730635166168213	0
NOTE	73	27.0946581363678	0.365019917488098	0
NOTE	74	27.449047088623	0.614786148071289	0.3000000
NOTE	75	28.0009994506836	0.359705716371536	0.3000000
NOTE	76	28.4432907104492	0.740200638771057	0
NOTE	77	28.5614891052246	0.647734016180038	0
NOTE	78	28.7026748657227	0.55526739358902	0
NOTE	79	28.9436550140381	0.292747139930725	0
NOTE	80	29.4375534057617	0.70831561088562	0.3000000
NOTE	81	30.1812419891357	0.590340971946716	0
NOTE	82	30.4302711486816	0.327820718288422	0
NOTE	83	30.7904052734375	0.586089551448822	0
NOTE	84	29.7838897705078	0.270427644252777	0
NOTE	85	29.9509372711182	0.460675060749054	0
NOTE	86	31.1655349731445	0.284244477748871	0
NOTE	87	31.544828414917	0.744451999664307	0
NOTE	88	31.9107074737549	0.282118827104568	0
NOTE	89	32.4015350341797	0.60947197675705	0
NOTE	90	32.7268028259277	0.291684329509735	0
NOTE	91	32.9053421020508	0.459612250328064	0
NOTE	92	33.3858337402344	0.698750078678131	0
NOTE	93	33.7689514160156	0.288495808839798	0
NOTE	94	34.1486740112305	0.674304902553558	0.3000000
NOTE	95	34.6409873962402	0.286370158195496	0
NOTE	96	35.0276107788086	0.696624398231506	0
NOTE	97	36.3804664611816	0.703001439571381	0
NOTE	98	36.8536186218262	0.29593563079834	0
NOTE	99	37.3628425598145	0.649859666824341	0
NOTE	100	37.7363891601563	0.405407637357712	0
NOTE	101	38.1448440551758	0.739137828350067	0
NOTE	102	38.3708839416504	0.269364774227142	0
NOTE	103	38.7329367995262	0.733823657035828	0
NOTE	104	39.1004028320313	0.369271248579025	0.3000000
NOTE	105	39.473949432373	0.630728662014008	0.3000000
NOTE	106	39.8187599182129	0.378836750984192	0.1812401
NOTE	107	40.3268280029297	0.727446615695953	0
NOTE	108	40.8536186218262	0.276804566383362	0
NOTE	109	41.3226165771484	0.647733986377716	0
NOTE	110	41.7076530456543	0.372459769248962	0
NOTE	111	42.1065330505371	0.685996055603027	0.3000000
NOTE	112	42.5701103210449	0.396904975175858	0
NOTE	113	42.9455718994141	0.644545555114746	0
NOTE	114	43.3226165771484	0.283181667327881	0.3000000
NOTE	115	43.7632064819336	0.705127120018005	0.2310463
NOTE	116	44.3000083863735	0.39265364408493	0
NOTE	117	44.7884864807129	0.640294194221497	0
NOTE	118	45.3111228942871	0.260862112045288	0
NOTE	119	45.6674270629883	0.730635106563568	0
NOTE	120	46.049063116312	0.404344826936722	0
NOTE	121	46.307674407959	0.646671175956726	0
NOTE	122	46.6563110351563	0.393716484308243	0
NOTE	123	47.0563468933105	0.705127120018005	0.3000000
NOTE	124	47.4145622253418	0.307626843452454	0.3000000
NOTE	125	47.7689552307129	0.698750138282776	0.2387087
NOTE	126	48.2789344787598	0.394779294729233	0
NOTE	127	48.7789154052734	0.628603041172028	0
NOTE	128	49.2708930969238	0.271490454673767	0
NOTE	129	49.6310272216797	0.732760787010193	0
NOTE	130	50.0009994506836	0.451109558343887	0.3000000
NOTE	131	50.4934844970703	0.639231324195862	0
NOTE	132	50.8842697143555	0.360768616199493	0
NOTE	133	51.2632331848145	0.737012147903442	0.3000000
NOTE	134	51.7287257909775	0.320380866527557	0.2712742
NOTE	135	52.2310447692871	0.665802240371704	0.3000000
NOTE	136	52.7367668151855	0.350140243768692	0.3000000
NOTE	137	54.0009994506836	0.645608305931091	0
NOTE	138	54.2770195007324	0.417098820209503	0
NOTE	139	53.2402458190918	0.727446675300598	0
NOTE	140	53.6233673095703	0.305501192808151	0
NOTE	141	54.6084213256836	0.626477301120758	0
NOTE	142	54.9781341552734	0.400093495845795	0
NOTE	143	55.359016418457	0.737012147903442	0
NOTE	144	55.6808319091797	0.319318026304245	0.3000000
NOTE	145	56.269359588623	0.687058925628662	0.3000000
NOTE	146	57.0009994506836	0.385213792324066	0.3000000
NOTE	147	58.2195510864258	0.611597657203674	0.3000000
NOTE	148	59.0009994506836	0.416036039590836	0.3000000
NOTE	149	35.3835296630859	0.339511930942535	0
NOTE	150	35.533332824707	0.493623018264771	0
NOTE	151	35.6076545715332	0.333134889602661	0
NOTE	152	35.7609024047852	0.501062750816345	0
NOTE	153	35.8819732666016	0.339511871337891	0
LINK 56 57
LINK 58 59
LINK 60 61 62 63 64
LINK 66 67
LINK 68 69
LINK 76 77 78
LINK 84 85
LINK 90 91
LINK 149 150 151 152 153
