VERSION 2
BPM 240
PAGE_SHIFT 0
PAGE_SIZE 1
NOTE	0	2.56574106216431	0.690366983413696	0
NOTE	1	3.39474630355835	0.764430820941925	0
NOTE	2	3.59903526306152	0.602416276931763	0
NOTE	3	4.28207588195801	0.671851098537445	0
NOTE	4	4.46979475021362	0.457760483026505	0.3000000
NOTE	5	5.21108102798462	0.272601008415222	0
NOTE	6	5.56578016281128	0.76443088054657	0
NOTE	7	5.8117847442627	0.576956868171692	0
NOTE	8	6.09018421173096	0.289959698915482	0
NOTE	9	6.41347885131836	0.742443203926086	0
NOTE	10	6.66377258300781	0.237883552908897	0
NOTE	11	7.02753257751465	0.713512003421783	0
NOTE	12	7.40714406967163	0.26218581199646	0
NOTE	13	7.75755405426025	0.729748487472534	0
NOTE	14	8.12147045135498	0.359394520521164	0
NOTE	15	8.49690914154053	0.617460548877716	0
NOTE	16	8.82229137420654	0.350266575813293	0
NOTE	17	9.66995239257813	0.252927839756012	0
NOTE	18	9.8347282409668	0.75748735666275	0
NOTE	19	10.054726600647	0.379040211439133	0
NOTE	20	10.5615701675415	0.657964169979095	0
NOTE	21	10.945351600647	0.346664816141129	0
NOTE	22	11.123477935791	0.723927199840546	0
NOTE	23	11.4718027114868	0.285330712795258	0.1948640
NOTE	24	11.8305568695068	0.729308366775513	0
NOTE	25	12.0317821502686	0.276072800159454	0
NOTE	26	12.2612180709839	0.494792312383652	0.3000000
NOTE	27	13.127649307251	0.667222142219543	0
NOTE	28	13.3111982345581	0.478590905666351	0.3000000
NOTE	29	14.2133626937866	0.251770615577698	0
NOTE	30	14.4531087875366	0.428829282522202	0
NOTE	31	14.9349231719971	0.656806886196136	0
NOTE	32	15.2945117950439	0.37096694111824	0
NOTE	33	15.490574836731	0.690367102622986	0
NOTE	34	15.8347282409668	0.372124224901199	0
NOTE	35	16.181957244873	0.677637338638306	0
NOTE	36	16.5323677062988	0.266814798116684	0.2819977
NOTE	37	22.1965579986572	0.258714020252228	0
NOTE	38	22.3821926116943	0.701939523220062	0
NOTE	39	23.3153686523438	0.653335094451904	0
NOTE	40	23.5176906585693	0.307897090911865	0
NOTE	41	23.8347263336182	0.634819269180298	0
NOTE	42	24.2153301239014	0.257556766271591	0
NOTE	43	24.3488216400146	0.745914936065674	0
NOTE	44	24.542797088623	0.486691623926163	0.3000000
NOTE	45	25.1735343933105	0.242512553930283	0
NOTE	46	25.4259166717529	0.756908714771271	0
NOTE	47	25.647008895874	0.273758262395859	0
NOTE	48	26.3571643829346	0.662183889486897	0
NOTE	49	26.5469703674316	0.305004013593656	0
NOTE	50	26.7576313018799	0.663750290870667	0
NOTE	51	27.2340240478516	0.269129365682602	0
NOTE	52	27.6052913665771	0.749386668205261	0
NOTE	53	27.7512969970703	0.264998644590378	0
NOTE	54	28.115213394165	0.627875745296478	0
NOTE	55	28.4426822662354	0.368652522563934	0
NOTE	56	28.7889194488525	0.617460548877716	0
NOTE	57	29.2089939117432	0.240837663412094	0
NOTE	58	29.5531482696533	0.743600487709045	0
NOTE	59	29.8493270874023	0.247141659259796	0
NOTE	60	30.250789642334	0.624404013156891	0
NOTE	61	30.5907707214355	0.344350308179855	0
NOTE	62	31.4676303863525	0.742443144321442	0
NOTE	63	31.78883934021	0.27607274055481	0
NOTE	64	32.298755645752	0.411470621824265	0
NOTE	65	33.0009994506836	0.287645250558853	0.3000000
NOTE	66	33.8910484313965	0.251770526170731	0
NOTE	67	34.0776710510254	0.624404013156891	0.3000000
NOTE	68	34.7993507385254	0.261028558015823	0
NOTE	69	34.984977722168	0.742443203926086	0
NOTE	70	35.2006454467773	0.429986596107483	0
NOTE	71	35.6428375244141	0.595472812652588	0
NOTE	72	35.9807319641113	0.396426409482956	0
NOTE	73	36.1339912414551	0.729713380336761	0
NOTE	74	36.5115089416504	0.272601008415222	0
NOTE	75	36.8619232177734	0.748229444026947	0
NOTE	76	37.2819938659668	0.399898171424866	0
NOTE	77	37.6407508850098	0.626718456886223	0
NOTE	78	37.9306755065918	0.41031339764595	0
NOTE	79	39.3987998962402	0.35129377245903	0
NOTE	80	39.916072845459	0.597787380218506	0
NOTE	81	40.286247253418	0.265657514333725	0
NOTE	82	41.1547622680664	0.668379426002502	0
NOTE	83	43.2778205871582	0.27144381403923	0
NOTE	84	44.1923828125	0.310790181159973	0
NOTE	85	45.0650787353516	0.287645220756531	0
NOTE	86	45.5365791320801	0.234411925077438	0
NOTE	87	45.7700653076172	0.399898141622543	0
NOTE	88	46.2320175170898	0.666064858436584	0
NOTE	89	46.542797088623	0.343193084001541	0
NOTE	90	46.7618064880371	0.651020705699921	0.2381935
NOTE	91	47.4008865356445	0.221682131290436	0
NOTE	92	47.7952156066895	0.759801864624023	0
NOTE	93	47.9990005493164	0.593158364295959	0
NOTE	94	48.313362121582	0.340878695249558	0
NOTE	95	49.1797943115234	0.24945604801178	0
NOTE	96	49.5260314941406	0.747072100639343	0
NOTE	97	49.8347320556641	0.257996767759323	0
NOTE	98	50.3509063720703	0.63250470161438	0
NOTE	99	50.6846313476563	0.375596016645432	0
NOTE	100	50.8973808288574	0.625561237335205	0
NOTE	101	51.2381973266602	0.255242317914963	0
NOTE	102	51.5865206122398	0.75170111656189	0
NOTE	103	51.9181594848633	0.267972052097321	0
NOTE	104	52.2883338928223	0.63829094171524	0
NOTE	105	52.6137161254883	0.352451056241989	0.3000000
NOTE	106	53.2840843200684	0.756330132484436	0
NOTE	107	53.6240653991699	0.252927780151367	0
NOTE	108	54.0463829040527	0.648706127715258	0
NOTE	109	54.3696784973145	0.362753808498383	0
NOTE	110	54.7034034729004	0.641976918219953	0
NOTE	111	55.4175720214844	0.737814173985498	0
NOTE	112	56.0944747924805	0.745914936065674	0
NOTE	113	56.2925071716309	0.579271376132965	0
NOTE	114	56.7075729370117	0.328148871660233	0
NOTE	115	57.0756187438965	0.762116372585297	0
NOTE	116	57.2715682983398	0.576956927776337	0
NOTE	117	58.248706817627	0.482062667608261	0.4219373
NOTE	118	59.3278846740723	0.673008322715759	0
NOTE	119	60.0943565368652	0.647548913955688	0
NOTE	120	60.444766998291	0.348979353904724	0
NOTE	121	60.8973808288574	0.635413229465485	0
NOTE	122	63.1631088256836	0.399898141622543	0.3000000
NOTE	123	68.0860137939453	0.725084483623505	0
NOTE	124	68.4113998413086	0.25292780995369	0
NOTE	125	68.7284317016602	0.740128695964813	0
NOTE	126	69.1193084716797	0.390640129500134	0
NOTE	127	69.4697189331055	0.667222142219543	0
NOTE	128	69.7951049804688	0.406848534154381	0
NOTE	129	70.578254699707	0.266814798116684	0
NOTE	130	72.0255279541016	0.299217700958252	0
NOTE	131	73.5740051269531	0.348979294300079	0
NOTE	132	74.313362121582	0.258714079856873	0
NOTE	133	75.0817642211914	0.332777827978134	0
NOTE	134	75.4405136108398	0.654492437839508	0
NOTE	135	75.6344909667969	0.333935052156448	0
NOTE	136	76.1798782348633	0.273758322000504	0
NOTE	137	76.5073394775391	0.745914936065674	0
NOTE	138	77.2673950195313	0.637133717536926	0
NOTE	139	78.0009994506836	0.768342137336731	0
NOTE	140	78.3133697509766	0.267972081899643	0
NOTE	141	78.6741943359375	0.750543892383575	0
NOTE	142	79.0421295166016	0.383696734905243	0
NOTE	143	79.3654327392578	0.646391689777374	0
NOTE	144	79.7346115112305	0.379067718982697	0
NOTE	145	82.747200012207	0.703096807003021	0
NOTE	146	83.1172180175781	0.332777827978134	0
NOTE	147	84.2236633300781	0.707725822925568	0
NOTE	148	85.2965927124023	0.380225002765656	0
NOTE	149	86.4426803588867	0.773688793182373	0
NOTE	150	86.7868347167969	0.23050032556057	0
NOTE	151	87.158935546875	0.616303265094757	0
NOTE	152	87.4989242553711	0.353608280420303	0
NOTE	153	83.4697113037109	0.649863362312317	0
NOTE	154	83.8493347167969	0.338978976011276	0
NOTE	155	84.5928573608398	0.261028558015823	0
NOTE	156	84.9677124023438	0.692260801792145	0
NOTE	157	85.6720352172852	0.654492378234863	0
NOTE	158	86.0860137939453	0.270286560058594	0
NOTE	159	90.1277236938477	0.250613301992416	0
NOTE	160	90.4969100952148	0.732027947902679	0
NOTE	161	92.0046691894531	0.59894460439682	0
NOTE	162	92.3780288696289	0.254085034132004	0
NOTE	163	92.7138290405273	0.706489443778992	0
NOTE	164	93.0796737670898	0.380224903604415	0
NOTE	165	93.444694519043	0.608202576637268	0
NOTE	166	93.7846755981445	0.389560518261248	0
NOTE	167	95.8576736450195	0.716983675956726	0
NOTE	168	96.2779083251953	0.2726009786129	0
NOTE	169	97.3153686523438	0.629032909870148	0
NOTE	170	98.4176559448242	0.722769975662231	0
NOTE	171	98.7534561157227	0.244827017188072	0
NOTE	172	99.1193084716797	0.586366882429864	0
NOTE	173	99.4613723754883	0.374438757201339	0
NOTE	174	99.8159484863281	0.601259112358093	0
NOTE	175	100.198654174805	0.257556855678558	0
NOTE	176	100.567832946777	0.740128695964813	0
NOTE	177	101.267395019531	0.640605449676514	0
NOTE	178	101.634490966797	0.350136488676071	0
NOTE	179	102.346733093262	0.229782909154892	0
NOTE	180	102.70548248291	0.769059836864471	0
NOTE	181	103.017105102539	0.381382167339325	0
NOTE	182	103.41340637207	0.666064858436584	0
NOTE	183	103.717933654785	0.395269185304642	0
NOTE	184	104.104789733887	0.736656963825226	0
NOTE	185	104.486473083496	0.252927869558334	0
NOTE	186	106.257041931152	0.377910435199738	0.5635834
NOTE	187	179.144332885742	0.314261883497238	0.3556671
NOTE	188	179.144332885742	0.704254031181335	0.3556671
NOTE	189	2.97230339050293	0.263996630907059	0
NOTE	190	2.22976715664845	0.485030777752399	0
NOTE	191	2.00300009350758	0.307972021400929	0
NOTE	192	1.07341957092285	0.250613301992416	0
NOTE	193	1.62615036964417	0.751701176166534	0
NOTE	194	3.91607332229614	0.272601008415222	0
NOTE	195	9.25071048736572	0.699625015258789	0
NOTE	196	12.7576322555542	0.263343006372452	0
NOTE	197	14.0484685897827	0.666064858436584	0
NOTE	198	16.9161510467529	0.682266294956207	0
NOTE	199	17.2527942657471	0.401055365800858	0
NOTE	200	17.6928958892822	0.629032969474792	0
NOTE	201	18.8660926818848	0.342035800218582	0
NOTE	202	20.0860118865967	0.620932281017303	0.3000000
NOTE	203	22.0380382537842	0.696153223514557	0
NOTE	204	22.9578671455383	0.303846687078476	0
NOTE	205	30.7951755523682	0.620932281017303	0
NOTE	206	31.9849033355713	0.748229444026947	0
NOTE	207	30.943265914917	0.357079982757568	0
NOTE	208	32.6346893310547	0.758644580841064	0
NOTE	209	32.8118629455566	0.579271376132965	0
NOTE	210	33.4968299865723	0.700782299041748	0
NOTE	211	38.277904510498	0.744757652282715	0
NOTE	212	38.6220588684082	0.269129306077957	0
NOTE	213	39.0009994506836	0.614546504981265	0
NOTE	214	40.455192565918	0.722769975662231	0
NOTE	215	40.7889175415039	0.272601068019867	0
NOTE	216	41.5072631835938	0.462389498949051	0.3000000
NOTE	217	42.048469543457	0.720455467700958	0
NOTE	218	42.9161529541016	0.707725822925568	0
NOTE	219	42.3635406494141	0.25292780995369	0
NOTE	220	42.5845146179199	0.420728623867035	0
NOTE	221	43.6720352172852	0.676480114459991	0.3000000
NOTE	222	44.4928550720215	0.752858400344849	0
NOTE	223	44.7159156799316	0.578114092350006	0
NOTE	224	45.3758544921875	0.73087066411972	0
NOTE	225	48.5783729553223	0.769059836864471	0
NOTE	226	48.8431510925293	0.607045292854309	0
NOTE	227	55.0901069641113	0.272601008415222	0
NOTE	228	55.7971839904785	0.272601068019867	0
NOTE	229	57.5698356628418	0.278387248516083	0
NOTE	230	57.8618431091309	0.754015624523163	0
NOTE	231	59.6970672607422	0.264500290155411	0
NOTE	232	61.2821159362793	0.256399542093277	0
NOTE	233	61.5072593688965	0.409156143665314	0
NOTE	234	61.7888412475586	0.743600428104401	0
NOTE	235	62.1361923217773	0.269129276275635	0
NOTE	236	62.3249538242817	0.3998981442356	0
NOTE	237	62.5137185454369	0.530667012195565	0
NOTE	238	64.1610946655273	0.538767755031586	0.3000000
NOTE	239	64.7305221557617	0.300374954938889	0
NOTE	240	65.2694854736328	0.719298243522644	0
NOTE	241	65.6449203491211	0.274915486574173	0
NOTE	242	65.809700012207	0.745914936065674	0
NOTE	243	66.2090759277344	0.359394550323486	0
NOTE	244	66.5470886230469	0.74128591116191	0
NOTE	245	66.709659576416	0.637712325135475	0
NOTE	246	66.8722305297852	0.534138739109039	0
NOTE	247	67.4384307861328	0.355922818183899	0.3000000
NOTE	248	70.2361907958984	0.750543892383575	0
NOTE	249	70.9599533081055	0.743600428104401	0
NOTE	250	71.6344985961914	0.696153342723846	0
NOTE	251	71.0881423950195	0.289959728717804	0
NOTE	252	71.3153686523438	0.492477923631668	0
NOTE	253	72.359245300293	0.494792401790619	0.3000000
NOTE	254	73.1966018676758	0.778317809104919	0
NOTE	255	73.3758544921875	0.587372124195099	0
NOTE	256	73.9139862060547	0.644077181816101	0
NOTE	257	74.6992340087891	0.742443131569708	0
NOTE	258	75.8222198486328	0.668379366397858	0
NOTE	259	76.8890364170074	0.263343095779419	0
NOTE	260	77.6241836547852	0.302689492702484	0
NOTE	261	77.8055267333984	0.483219921588898	0
NOTE	262	80.1485824584961	0.736656963825226	0
NOTE	263	80.5115127563477	0.243669793009758	0
NOTE	264	80.8911209106445	0.711197555065155	0
NOTE	265	81.2304382324219	0.377910435199738	0.3000000
NOTE	266	82.2175369262695	0.261028498411179	0
NOTE	267	82.4176483154297	0.461232244968414	0
NOTE	268	87.8847866654396	0.609359800815582	0
NOTE	269	88.2361831665039	0.247141554951668	0
NOTE	270	88.6658554077148	0.778317809104919	0
NOTE	271	89.0531463623047	0.492477923631668	0.3000000
NOTE	272	90.8765182495117	0.254085004329681	0
NOTE	273	91.3263778686523	0.596630156040192	0
NOTE	274	91.6574325561523	0.39179739356041	0
NOTE	275	94.1360778808594	0.686895310878754	0
NOTE	276	94.4656219482422	0.264500349760056	0
NOTE	277	94.8368911743164	0.699625074863434	0
NOTE	278	95.2132797241211	0.242512553930283	0
NOTE	279	95.3841972351074	0.347243404856819	0
NOTE	280	95.5551147460938	0.451974222891771	0
NOTE	281	96.5949478149414	0.72508442401886	0
NOTE	282	96.9557800292969	0.254085063934326	0
NOTE	283	97.634493470192	0.346664786338806	0.3000000
NOTE	284	100.895294189453	0.229782819747925	0
NOTE	285	102.000999450684	0.686895370483398	0
NOTE	286	104.830635070801	0.721612751483917	0
NOTE	287	105.244453430176	0.370966970920563	0
NOTE	288	105.680381774902	0.676480114459991	0
NOTE	289	107.334136962891	0.581585884094238	0.4929403
NOTE	290	109.04630279541	0.286487936973572	0
NOTE	291	109.423828125	0.75170111656189	0
NOTE	292	109.863922119141	0.286487966775894	0
NOTE	293	110.736778259277	0.722769975662231	0.2632217
NOTE	294	111.252799987793	0.261028647422791	0.3000000
NOTE	295	111.820129394531	0.653335154056549	0.1757009
NOTE	296	112.252876281738	0.40105539560318	0.4137904
NOTE	297	113.509353637695	0.483219861984253	0.3000000
NOTE	298	114.152755737305	0.272601008415222	0
NOTE	299	114.482307434082	0.728556215763092	0
NOTE	300	114.849403381348	0.251770615577698	0
NOTE	301	115.219421386719	0.617460489273071	0.3000000
NOTE	302	115.76171875	0.322362631559372	0.2382813
NOTE	303	116.325881958008	0.644077181816101	0
NOTE	304	116.68879699707	0.367495238780975	0
NOTE	305	117.062995910645	0.722769975662231	0
NOTE	306	117.446769714355	0.232097372412682	0
NOTE	307	117.961959838867	0.735499680042267	0
NOTE	308	118.494819641113	0.357080042362213	0
NOTE	309	118.907808423042	0.620932221412659	0
NOTE	310	119.298690795898	0.264500141143799	0
NOTE	311	119.657440185547	0.654492378234863	0.3000000
NOTE	312	120.206985473633	0.244827076792717	0
NOTE	313	120.749289393425	0.667222142219543	0
NOTE	314	121.127647399902	0.367495238780975	0
NOTE	315	121.469718933105	0.65217787027359	0
NOTE	316	121.870178222656	0.373281449079514	0
NOTE	317	122.457275390625	0.73781418800354	0
NOTE	318	122.962036132813	0.250613391399384	0
NOTE	319	123.325798511505	0.63829094171524	0
NOTE	320	123.661605834961	0.324677139520645	0
NOTE	321	124.081840515137	0.596630096435547	0.3000000
NOTE	322	124.605369567871	0.37791046500206	0.3000000
NOTE	323	125.156852722168	0.689209818840027	0
NOTE	324	125.469718933105	0.254085004329681	0
NOTE	325	125.828468322754	0.71119749546051	0
NOTE	326	126.15901184082	0.375596016645432	0.3000000
NOTE	327	126.74720364809	0.671851098537445	0
NOTE	328	127.234024047852	0.25871405005455	0
NOTE	329	127.621978759766	0.762116372585297	0
NOTE	330	128.001007080078	0.377910494804382	0
NOTE	331	128.302932739258	0.53298145532608	0.3000000
NOTE	332	128.878616333008	0.281859010457993	0
NOTE	333	129.409225463867	0.673008382320404	0
NOTE	334	129.780487060547	0.315419137477875	0
NOTE	335	130.430160522461	0.504050374031067	0.3000000
NOTE	336	131.53645324707	0.251770585775375	0
NOTE	337	131.888961791992	0.73087066411972	0
NOTE	338	132.215316772461	0.377910435199738	0
NOTE	339	132.559478759766	0.5399249792099	0.3000000
NOTE	340	133.219421386719	0.247141540050507	0
NOTE	341	133.667877197266	0.600101828575134	0.3000000
NOTE	342	134.357162475586	0.321205377578735	0
NOTE	343	134.655426025391	0.52025181055069	0.3000000
NOTE	344	135.678283691406	0.613988876342773	0
NOTE	345	136.027618408203	0.293431460857391	0
NOTE	346	136.405136108398	0.740128636360168	0
NOTE	347	136.720092773438	0.273758292198181	0
NOTE	348	137.275726318359	0.601259052753448	0
NOTE	349	137.565780639648	0.265657514333725	0
NOTE	350	137.767990112305	0.427672028541565	0
NOTE	351	138.119384765625	0.706568539142609	0
NOTE	352	138.471878051758	0.251770555973053	0
NOTE	353	138.813949584961	0.704254031181335	0
NOTE	354	139.309112548828	0.361708998680115	0
NOTE	355	139.640853881836	0.74475771188736	0
NOTE	356	139.855575561523	0.563069999217987	0
NOTE	357	140.196548461914	0.270286470651627	0
NOTE	358	140.511505126953	0.72392725944519	0
NOTE	359	140.851501464844	0.248298823833466	0
NOTE	360	141.223602294922	0.662593126296997	0
NOTE	361	141.60530090332	0.346664786338806	0
NOTE	362	141.95361328125	0.669536590576172	0
NOTE	363	142.357177734375	0.233254596590996	0
NOTE	364	142.724258422852	0.771374404430389	0
NOTE	365	143.332046508789	0.514465510845184	0.3000000
NOTE	366	144.576171875	0.348979324102402	0
NOTE	367	144.90364074707	0.662593126296997	0
NOTE	368	145.271575927734	0.249456122517586	0
NOTE	369	145.634490966797	0.512151062488556	0.3000000
NOTE	370	146.133972167969	0.315419137477875	0
NOTE	371	146.47200012207	0.767902553081512	0
NOTE	372	146.684616088867	0.57232791185379	0
NOTE	373	147.010833740234	0.234411835670471	0
NOTE	374	147.344680786133	0.771374344825745	0
NOTE	375	147.526023864746	0.669536650180817	0
NOTE	376	147.707366943359	0.567698960778159	0
NOTE	377	148.232009887695	0.35476553440094	0
NOTE	378	148.511627197266	0.774846017360687	0
NOTE	379	148.757629394531	0.589686632156372	0
NOTE	380	149.098449707031	0.439244568347931	0
NOTE	381	149.457321166992	0.208952441811562	0
NOTE	382	149.619888305664	0.320048131048679	0
NOTE	383	149.782455444336	0.431143820285797	0
NOTE	384	150.275817871094	0.505207598209381	0
NOTE	385	150.584625244141	0.782946825027466	0
NOTE	386	150.797271728516	0.612831592559814	0
NOTE	387	151.113037109375	0.391797423362732	0
NOTE	388	151.45524597168	0.232097402215004	0
NOTE	389	151.626152038574	0.32351990789175	0
NOTE	390	151.797058105469	0.414942413568497	0
NOTE	391	152.311401367188	0.776003301143646	0
NOTE	392	152.502746582031	0.722769916057587	0
NOTE	393	152.671142578125	0.639448225498199	0
NOTE	394	152.841613769531	0.52603805065155	0
NOTE	395	153.19856262207	0.276072800159454	0
NOTE	396	153.51350402832	0.67185115814209	0
NOTE	397	153.853500366211	0.296903222799301	0
NOTE	398	154.355072021484	0.694996058940887	0
NOTE	399	154.678497314453	0.248298764228821	0
NOTE	400	154.861938476563	0.372124165296555	0
NOTE	401	155.192306518555	0.6915243268013	0
NOTE	402	155.530334472656	0.241355314850807	0
NOTE	403	155.734619140625	0.361708998680115	0
NOTE	404	155.876327514648	0.47396194934845	0
NOTE	405	156.396789550781	0.500578641891479	0
NOTE	406	156.713836669922	0.759801864624023	0
NOTE	407	156.916152954102	0.640605449676514	0
NOTE	408	157.215255737305	0.427672058343887	0
NOTE	409	157.528236150742	0.233254671096802	0
NOTE	410	157.709579467773	0.344928950071335	0
NOTE	411	157.890930175781	0.456603229045868	0
NOTE	412	158.392623901367	0.664907693862915	0
NOTE	413	158.68684387207	0.745914936065674	0
NOTE	414	158.918228149414	0.531824290752411	0
NOTE	415	159.284072875977	0.313104659318924	0
NOTE	416	159.599151611328	0.274915486574173	0
NOTE	417	159.764854431152	0.369231104850769	0
NOTE	418	159.930557250977	0.463546723127365	0
NOTE	419	160.511520385742	0.742443203926086	0
NOTE	420	160.801559448242	0.661435902118683	0
NOTE	421	160.99690246582	0.451974213123322	0
NOTE	422	161.336227416992	0.252927839756012	0
NOTE	423	161.649215698242	0.342035830020905	0
NOTE	424	161.836807250977	0.440980434417725	0
NOTE	425	161.988967895508	0.539925038814545	0
NOTE	426	162.1904296875	0.743600428104401	0
NOTE	427	162.409301757813	0.65912139415741	0
NOTE	428	162.565628051758	0.558440923690796	0
NOTE	429	162.922409057617	0.425357609987259	0
NOTE	430	163.134033203125	0.257556885480881	0
NOTE	431	163.33415222168	0.196222767233849	0
NOTE	432	163.484436035156	0.2147386521101	0
NOTE	433	163.647018432617	0.23441182076931	0
NOTE	434	163.786773681641	0.287645220756531	0
NOTE	435	163.913848876953	0.368652492761612	0
NOTE	436	164.165390014648	0.551497459411621	0
NOTE	437	164.302932739258	0.633661985397339	0
NOTE	438	164.411270141602	0.668379366397858	0
NOTE	439	164.524154663086	0.700782239437103	0
NOTE	440	164.672119140625	0.696153223514557	0
NOTE	441	164.786727905273	0.662593126296997	0
NOTE	442	164.987075805664	0.423043072223663	0
NOTE	443	165.171569824219	0.237883642315865	0
NOTE	444	165.33415222168	0.22399665415287	0
NOTE	445	165.498794555664	0.21936771273613	0
NOTE	446	165.645034790039	0.24598440527916	0
NOTE	447	165.790939331055	0.291116923093796	0
NOTE	448	165.938888549805	0.353608250617981	0
NOTE	449	166.109069824219	0.58621484041214	0
NOTE	450	166.240356445313	0.673008322715759	0
NOTE	451	166.362350463867	0.699625015258789	0
NOTE	452	166.496841430664	0.719298243522644	0
NOTE	453	166.633438110352	0.706568539142609	0
NOTE	454	166.780456542969	0.668379381299019	0
NOTE	455	166.9599609375	0.460074961185455	0
NOTE	456	167.138092041016	0.24598428606987	0
NOTE	457	167.465560913086	0.205480739474297	0
NOTE	458	167.813873291016	0.317733615636826	0
NOTE	459	168.171646118164	0.552654683589935	0
NOTE	460	168.292495727539	0.646391689777374	0
NOTE	461	168.419616699219	0.670693874359131	0
NOTE	462	168.542907714844	0.673008382320404	0
NOTE	463	168.68879699707	0.674165546894073	0
NOTE	464	168.813827514648	0.653335154056549	0
NOTE	465	169.100662231445	0.398740947246552	0
NOTE	466	169.200653076172	0.315419167280197	0
NOTE	467	169.309005737305	0.277230024337769	0
NOTE	468	169.463577270508	0.256399571895599	0
NOTE	469	169.630325317383	0.256399571895599	0
NOTE	470	169.782455444336	0.301532179117203	0
NOTE	471	170.257049560547	0.63829094171524	0
NOTE	472	170.576169967651	0.361708998680115	0
NOTE	473	170.901550292969	0.620932221412659	0
NOTE	474	171.286178588867	0.263342976570129	0
NOTE	475	171.60530090332	0.750543892383575	0
NOTE	476	172.346740722656	0.632504761219025	0
NOTE	477	172.644989013672	0.366338044404984	0
NOTE	478	171.945281982422	0.276072800159454	0
NOTE	479	172.998992919922	0.620932221412659	0
NOTE	480	173.354995727539	0.266814798116684	0
NOTE	481	173.655334472656	0.774846017360687	0
NOTE	482	174.346740722656	0.619775056838989	0
NOTE	483	174.69921875	0.369809746742249	0
NOTE	484	173.998992919922	0.316576331853867	0
NOTE	485	175.071929931641	0.623246788978577	0
NOTE	486	175.417572021484	0.240198105573654	0
NOTE	487	175.803451538086	0.736656904220581	0
NOTE	488	176.154846191406	0.383696705102921	0
NOTE	489	176.584518432617	0.592001140117645	0
NOTE	490	177.001007080078	0.339721322059631	0
NOTE	491	177.405059814453	0.714669227600098	0
NOTE	492	177.884796142578	0.329306095838547	0
LINK 1 2
LINK 6 7
LINK 29 30
LINK 86 87
LINK 92 93
LINK 112 113
LINK 115 116
LINK 191 190
LINK 208 209
LINK 219 220
LINK 222 223
LINK 225 226
LINK 232 233
LINK 235 236 237
LINK 244 245 246
LINK 251 252
LINK 254 255
LINK 260 261
LINK 266 267
LINK 278 279 280
LINK 349 350
LINK 355 356
LINK 371 372
LINK 374 375 376
LINK 378 379
LINK 381 382 383
LINK 385 386
LINK 388 389 390
LINK 391 392 393 394
LINK 399 400
LINK 402 403 404
LINK 406 407
LINK 409 410 411
LINK 413 414
LINK 416 417 418
LINK 420 421
LINK 423 424 425
LINK 426 427 428
LINK 430 431 432 433 434 435
LINK 436 437 438 439 440 441
LINK 443 444 445 446 447 448
LINK 449 450 451 452 453 454
LINK 459 460 461 462 463 464
LINK 465 466 467 468 469 470
