VERSION 2
BPM 240
PAGE_SHIFT 0
PAGE_SIZE 1
NOTE	0	0.609542369842529	0.264500260353088	0
NOTE	1	0.934923470020294	0.719298243522644	0
NOTE	2	1.22568118572235	0.295745968818665	0
NOTE	3	1.51247549057007	0.522566310333776	0
NOTE	4	1.80761289596558	0.749386651848887	0
NOTE	5	2.12147068977356	0.266814738512039	0
NOTE	6	2.41765093803406	0.504050299525261	0
NOTE	7	2.71383118629456	0.741285860538483	0
NOTE	8	3.00250339508057	0.294588714838028	0
NOTE	9	3.32997012138367	0.72508442401886	0
NOTE	10	3.64492225646973	0.277229994535446	0
NOTE	11	3.96613216400146	0.73087066411972	0
NOTE	12	4.23618841171265	0.418414086103439	0
NOTE	13	4.53654003143311	0.57927143573761	0
NOTE	14	4.8222918510437	0.391797423362732	0.1964804
NOTE	15	5.43008756637573	0.719298243522644	0
NOTE	16	5.75546836853027	0.274915546178818	0
NOTE	17	6.06098318099976	0.578114211559296	0
NOTE	18	6.39053583145142	0.426514863967896	0
NOTE	19	6.68045902252197	0.585057556629181	0
NOTE	20	6.98289632797241	0.425357520580292	0
NOTE	21	7.2757396697998	0.707725763320923	0
NOTE	22	7.5844349861145	0.272601038217545	0
NOTE	23	7.87852954864502	0.667222142219543	0
NOTE	24	8.2007303237915	0.414942353963852	0
NOTE	25	8.48648166656494	0.549182951450348	0
NOTE	26	8.80351960659027	0.379067718982697	0
NOTE	27	9.09844875335693	0.646391689777374	0
NOTE	28	9.42174434661865	0.299217700958252	0
NOTE	29	9.76589679718018	0.622089505195618	0.2236737
NOTE	30	10.3467350006104	0.428829342126846	0
NOTE	31	10.6783723831177	0.581585824489594	0
NOTE	32	10.9989995956421	0.403369903564453	0
NOTE	33	11.3091125488281	0.640605509281158	0
NOTE	34	11.6157217025757	0.721612691879272	0
NOTE	35	11.9181594848633	0.651020646095276	0
NOTE	36	12.2904186248779	0.321205377578735	0.3000000
NOTE	37	12.8911222219467	0.682266354560852	0
NOTE	38	13.2131671905518	0.389482915401459	0
NOTE	39	13.5072612762451	0.251770585775375	0
NOTE	40	13.8201274871826	0.403369903564453	0
NOTE	41	14.1402425765991	0.653335213661194	0
NOTE	42	14.4405946731567	0.749386608600616	0
NOTE	43	14.7597188949585	0.605888068675995	0
NOTE	44	15.1005344390869	0.40105539560318	0
NOTE	45	15.4029722213745	0.252927780151367	0
NOTE	46	15.7283535003662	0.360551774501801	0
NOTE	47	16.0630683898926	0.640605449676514	0
NOTE	48	16.3801078796387	0.743600428104401	0
NOTE	49	16.7013149261475	0.624404013156891	0
NOTE	50	16.9849815368652	0.287645190954208	0
NOTE	51	17.3153686523438	0.579271376132965	0.3000000
NOTE	52	17.9056453704834	0.353608310222626	0
NOTE	53	18.250789642334	0.608202576637268	0
NOTE	54	18.5386257171631	0.344350308179855	0
NOTE	55	18.8494071960449	0.582743167877197	0
NOTE	56	19.1693649291992	0.254085063934326	0
NOTE	57	19.453031539917	0.749386668205261	0
NOTE	58	19.7784118652344	0.274915546178818	0
NOTE	59	20.3634204864502	0.619774997234344	0
NOTE	60	21.0281143188477	0.656806945800781	0
NOTE	61	20.6846294403076	0.467018485069275	0.1820749
NOTE	62	21.3466567993164	0.276072800159454	0
NOTE	63	21.6595230102539	0.648706138134003	0
NOTE	64	21.9306735992432	0.350136548280716	0
NOTE	65	22.2799892425537	0.50752204656601	0.3000000
NOTE	66	23.1714515686035	0.323519855737686	0.3000000
NOTE	67	23.1714515686035	0.666064858436584	0.3000000
NOTE	68	23.8284702301025	0.505207598209381	0
NOTE	69	24.4301643371582	0.3084756731987	0
NOTE	70	24.7346878051758	0.685738086700439	0
NOTE	71	25.052562713623	0.387168407440186	0.3000000
NOTE	72	25.6928958892822	0.626718461513519	0
NOTE	73	25.9953327178955	0.390640199184418	0
NOTE	74	26.2716464996338	0.71814101934433	0
NOTE	75	26.5699119567871	0.332777827978134	0
NOTE	76	26.8869495391846	0.326991677284241	0
NOTE	77	27.221508026123	0.654492378234863	0
NOTE	78	27.5552349090576	0.654492378234863	0
NOTE	79	27.8493270874023	0.414942383766174	0
NOTE	80	28.1694431304932	0.627875685691834	0
NOTE	81	28.4614524841309	0.367495208978653	0
NOTE	82	28.7409477233887	0.567698895931244	0.2903404
NOTE	83	29.6386642456055	0.448502510786057	0.3000000
NOTE	84	30.2758178710938	0.63829094171524	0.3000000
NOTE	85	30.8306350708008	0.346664816141129	0
NOTE	86	31.1464214324951	0.634819209575653	0
NOTE	87	31.4384307861328	0.352451086044312	0
NOTE	88	31.7346096038818	0.613988757133484	0
NOTE	89	32.0526390075684	0.364023506641388	0.3000000
NOTE	90	32.9620399475098	0.573485136032104	0
NOTE	91	33.2653121948242	0.29921767115593	0
NOTE	92	33.5886039733887	0.592001080513	0.3000000
NOTE	93	34.1986465454102	0.389482945203781	0
NOTE	94	34.5240249633789	0.657964169979095	0
NOTE	95	34.8139495849609	0.390640169382095	0
NOTE	96	35.3967132568359	0.712354779243469	0
NOTE	97	35.7033233642578	0.288802444934845	0
NOTE	98	36.0109252929688	0.646391689777374	0
NOTE	99	36.2987632751465	0.434615522623062	0
NOTE	100	36.6012001037598	0.655649662017822	0
NOTE	101	36.8619194030762	0.411470592021942	0
NOTE	102	37.1839637756348	0.619774997234344	0
NOTE	103	37.4884910583496	0.316576421260834	0
NOTE	104	37.7533836364746	0.617460489273071	0
NOTE	105	38.0797576904297	0.394111901521683	0
NOTE	106	38.3926239013672	0.608202576637268	0.3000000
NOTE	107	39.2715682983398	0.419571369886398	0.3000000
NOTE	108	39.9285888671875	0.642919957637787	0
NOTE	109	40.2215881347656	0.345507562160492	0
NOTE	110	40.4885673522949	0.611674308776855	0
NOTE	111	40.770149230957	0.348979294300079	0.1964804
NOTE	112	41.388370513916	0.593158364295959	0
NOTE	113	41.6970672607422	0.416099607944489	0.2674750
NOTE	114	42.2195014953613	0.616303265094757	0.3000000
NOTE	115	42.7056045532227	0.278387248516083	0
NOTE	116	42.8483638763428	0.370388373732567	0
NOTE	117	42.9911231994629	0.462389498949051	0
NOTE	118	43.1693649291992	0.633661985397339	0.4973018
NOTE	119	44.0880966186523	0.423043072223663	0.5785701
NOTE	120	45.0343704223633	0.715826511383057	0
NOTE	121	45.325798034668	0.259871423244476	0
NOTE	122	45.6178092956543	0.719298243522644	0
NOTE	123	45.8973007202148	0.280701726675034	0
NOTE	124	46.2361869812012	0.548025727673844	0
NOTE	125	46.5490531921387	0.361709028482437	0.3000000
NOTE	126	47.156852722168	0.597787380218506	0.3000000
NOTE	127	48.1360702514648	0.656806886196136	0
NOTE	128	48.3071022033691	0.409156084060669	0
NOTE	129	47.78466796875	0.273758262395859	0
NOTE	130	48.576171875	0.56654167175293	0.3000000
NOTE	131	49.0713348388672	0.342035830020905	0.3000000
NOTE	132	49.6574363708496	0.558440923690796	0.3000000
NOTE	133	50.3091888427734	0.359394490718842	0
NOTE	134	50.6137161254883	0.550340175628662	0.3000000
NOTE	135	51.5260314941406	0.46701842546463	0.3000000
NOTE	136	52.1652717590332	0.629032969474792	0
NOTE	137	52.4635391235352	0.306161165237427	0
NOTE	138	52.7680625915527	0.613259375095367	0
NOTE	139	53.1109619140625	0.407998859882355	0.3000000
NOTE	140	53.7429542541504	0.57232791185379	0
NOTE	141	54.0672416687012	0.40452715754509	0.4327583
NOTE	142	54.9349250793457	0.626718521118164	0
NOTE	143	55.2402801513672	0.321205377578735	0
NOTE	144	55.5468902587891	0.59894460439682	0
NOTE	145	55.8514137268066	0.325834363698959	0
NOTE	146	56.144416809082	0.619774997234344	0
NOTE	147	56.4551963806152	0.380224972963333	0.3000000
NOTE	148	57.0859336853027	0.592001080513	0.3000000
NOTE	149	57.6845512390137	0.355922788381577	0
NOTE	150	58.0402412414551	0.742443203926086	0
NOTE	151	58.2059434056282	0.646391719579697	0
NOTE	152	58.3716455698013	0.550340235233307	0
NOTE	153	58.8514938354492	0.351293832063675	0
NOTE	154	59.4759750366211	0.608202576637268	0.3000000
NOTE	155	60.0922698974609	0.508679330348969	0
NOTE	156	60.409309387207	0.708883062415836	0.3000000
NOTE	157	60.409309387207	0.292274236679077	0.3000000
NOTE	158	61.2965965270996	0.287645190954208	0.3000000
NOTE	159	61.2965965270996	0.714669224797273	0.3000000
NOTE	160	61.8764457702637	0.513308346271515	0
NOTE	161	62.4760513305664	0.38138222694397	0
NOTE	162	62.7764053344727	0.593158364295959	0.2402817
NOTE	163	63.6553535461426	0.40452715754509	0.3000000
NOTE	164	64.2674713134766	0.715826511383057	0
NOTE	165	64.5636558532715	0.482062675058842	0
NOTE	166	64.8598403930664	0.248298838734627	0
NOTE	167	65.1756210327148	0.71119749546051	0
NOTE	168	65.4811897277832	0.485534429550171	0
NOTE	169	65.7867584228516	0.259871363639832	0
NOTE	170	66.1026992797852	0.608202576637268	0
NOTE	171	66.3571624755859	0.406841665506363	0
NOTE	172	66.6929779052734	0.605888068675995	0
NOTE	173	66.9682998657227	0.39411187171936	0
NOTE	174	67.2840805053711	0.736656904220581	0
NOTE	175	67.6052932739258	0.26912933588028	0
NOTE	176	67.8680953979492	0.718140959739685	0
NOTE	177	68.1506652832031	0.403369903564453	0
NOTE	178	68.4593658447266	0.567698955535889	0.3000000
NOTE	179	69.1109619140625	0.296903222799301	0
NOTE	180	69.3654251098633	0.720455467700958	0
NOTE	181	69.6636962890625	0.301532179117203	0
NOTE	182	69.9411010742188	0.712354779243469	0
NOTE	183	70.2779083251953	0.420728623867035	0
NOTE	184	70.5678253173828	0.578114151954651	0
NOTE	185	70.8619232177734	0.413785099983215	0
NOTE	186	71.1735382080078	0.699625015258789	0
NOTE	187	71.4905776977539	0.278387248516083	0
NOTE	188	71.8243026733398	0.678794682025909	0
NOTE	189	72.1381530761719	0.406841635704041	0
NOTE	190	72.4531097412109	0.590843856334686	0
NOTE	191	72.7367782592773	0.431143820285797	0
NOTE	192	73.0692443847656	0.61283153295517	0
NOTE	193	73.3383102416992	0.283016264438629	0.3000000
NOTE	194	74.2612152099609	0.589686572551727	0
NOTE	195	74.5386276245117	0.351293832063675	0
NOTE	196	74.8368911743164	0.566701233386993	0
NOTE	197	75.1359939575195	0.269129306077957	0
NOTE	198	75.4467697143555	0.690367043018341	0
NOTE	199	75.7283554077148	0.339721351861954	0.2507888
NOTE	200	76.3258743286133	0.588529407978058	0
NOTE	201	76.6512603759766	0.407998859882355	0
NOTE	202	76.9662094116211	0.582743108272552	0
NOTE	203	77.2715682983398	0.28185898065567	0
NOTE	204	77.6011199951172	0.712354779243469	0
NOTE	205	77.8973007202148	0.303846627473831	0
NOTE	206	78.2090682983398	0.602416276931763	0
NOTE	207	78.5031661987305	0.386011213064194	0
NOTE	208	78.8035202026367	0.574642419815063	0
NOTE	209	79.1255645751953	0.259871274232864	0
NOTE	210	79.4592895507813	0.712354779243469	0
NOTE	211	79.7784118652344	0.293431431055069	0
NOTE	212	80.0755844116211	0.601259052753448	0
NOTE	213	80.3717651367188	0.421885848045349	0
NOTE	214	80.6554260253906	0.559598207473755	0.3000000
NOTE	215	81.3091125488281	0.280701726675034	0
NOTE	216	81.6386642456055	0.727398931980133	0
NOTE	217	81.9411010742188	0.305003941059113	0
NOTE	218	82.2445297241211	0.617460548877716	0
NOTE	219	82.5490493774414	0.388325661420822	0
NOTE	220	82.8786087036133	0.556126475334167	0
NOTE	221	83.2048263549805	0.350136518478394	0.3000000
NOTE	222	83.7679901123047	0.733185172080994	0
NOTE	223	84.0901870727539	0.426514834165573	0
NOTE	224	84.3592529296875	0.578114092350006	0
NOTE	225	84.6825485229492	0.398740887641907	0
NOTE	226	84.9954071044922	0.548025727272034	0
NOTE	227	85.3153686523438	0.289959698915482	0
NOTE	228	85.6053009033203	0.535296022891998	0.3000000
NOTE	229	86.1548461914063	0.299217730760574	0
NOTE	230	86.4697952270508	0.693838834762573	0
NOTE	231	86.7910003662109	0.296903222799301	0
NOTE	232	87.1234817504883	0.523723602294922	0.3000000
NOTE	233	87.7241744995117	0.338564068078995	0
NOTE	234	88.0422134399414	0.669536650180817	0
NOTE	235	88.3363037109375	0.495949625968933	0.3000000
NOTE	236	88.9557800292969	0.627875745296478	0
NOTE	237	89.2590560913086	0.270286500453949	0
NOTE	238	89.5364608764648	0.71814101934433	0
NOTE	239	89.8138732910156	0.276072770357132	0
NOTE	240	90.1694412231445	0.601259052753448	0
NOTE	241	90.4552001953125	0.414942383766174	0
NOTE	242	90.7659759521484	0.580428659915924	0.3000000
NOTE	243	91.6511764526367	0.305003881454468	0
NOTE	244	92.0009994506836	0.564227163791656	0.4990005
NOTE	245	92.8076934814453	0.320048153400421	0
NOTE	246	93.4363403320313	0.495949625968933	0.3000000
NOTE	247	94.048469543457	0.305003970861435	0
NOTE	248	94.286247253418	0.669536650180817	0
NOTE	249	94.5970306396484	0.293431490659714	0
NOTE	250	94.8869476318359	0.640605449676514	0
NOTE	251	95.1756210327148	0.409156113862991	0.3000000
NOTE	252	96.0985260009766	0.627875745296478	0
NOTE	253	96.4030456542969	0.339721381664276	0
NOTE	254	96.7159118652344	0.583900392055511	0.2965977
NOTE	255	97.2882614135742	0.266814768314362	0
NOTE	256	97.61572265625	0.735499739646912	0
NOTE	257	97.8910446166992	0.279544442892075	0
NOTE	258	98.4948272705078	0.602416336536407	0
NOTE	259	98.8076934814453	0.376753240823746	0
NOTE	260	99.1088790893555	0.662593185901642	0
NOTE	261	99.3925476074219	0.315419167280197	0
NOTE	262	99.7220993041992	0.315419167280197	0
NOTE	263	100.027610778809	0.629032969474792	0
NOTE	264	100.311276376247	0.629032969474792	0
NOTE	265	100.613708496094	0.329306066036224	0
NOTE	266	100.895294189453	0.590843856334686	0
NOTE	267	101.22151184082	0.278387278318405	0
NOTE	268	101.500999450684	0.590843915939331	0.3000000
NOTE	269	102.365501403809	0.360551804304123	0.3000000
NOTE	270	103.256965637207	0.729713499546051	0
NOTE	271	103.528121948242	0.263343095779419	0
NOTE	272	103.855590820313	0.741790890693665	0
NOTE	273	104.378021240234	0.392954677343369	0
NOTE	274	104.674209594727	0.557283699512482	0.3000000
LINK 115 116 117
LINK 150 151 152
