VERSION 2
BPM 240
PAGE_SHIFT 0
PAGE_SIZE 1
NOTE	0	0.286861181259155	0.511321306228638	0
NOTE	1	0.629529058933258	0.498113086362345	0
NOTE	2	1.49846923351288	0.491194486618042	0
NOTE	3	1.76051387567318	0.28741067647934	0
NOTE	4	1.76051387567318	0.691204607486725	0
NOTE	5	1.9869966506958	0.5000000	0
NOTE	6	2.70500454013551	0.253446727991104	0
NOTE	7	2.70500454013551	0.747811259253048	0
NOTE	8	3.66082763671875	0.253446683597318	0
NOTE	9	3.66082763671875	0.754100859165192	0
NOTE	10	1.03794252872467	0.507547557353973	0
NOTE	11	3.93711829185486	0.594344437122345	0
NOTE	12	3.41792106628418	0.503773771381255	0
NOTE	13	2.95298862457275	0.496226191520691	0
NOTE	14	0.803351044654846	0.258478403091431	0
NOTE	15	0.803351044654846	0.737747769633259	0
NOTE	16	4.17532682418823	0.41697695851326	0
NOTE	17	4.50634324550629	0.506289633016634	0
NOTE	18	4.66504973173141	0.266025935972701	0
NOTE	19	4.66504973173141	0.746553301811218	0
NOTE	20	4.88497161865234	0.513837158679962	0
NOTE	21	2.23427486419678	0.515095114707947	0
NOTE	22	2.56982588768005	0.497484147548676	0
NOTE	23	5.36669158935547	0.502515887820053	0
NOTE	24	5.60021680593491	0.260994326280212	0
NOTE	25	5.60021680593491	0.744037449359894	0
NOTE	26	5.8428111076355	0.503773808479309	0
NOTE	27	6.1231803894043	0.671077787876129	0
NOTE	28	6.44966268539429	0.493081572234695	0
NOTE	29	6.61063575744629	0.252188891172409	0
NOTE	30	6.61063575744629	0.733974169777779	0
NOTE	31	6.80335140228271	0.496226221323013	0
NOTE	32	7.2964072227478	0.551574945449829	0
NOTE	33	7.79519939422607	0.537737786769867	0
NOTE	34	8.08010292053223	0.291184455156326	0.2532305
NOTE	35	8.08010292053223	0.732716097836274	0.2532305
NOTE	36	8.51087760925293	0.517610967159271	0
NOTE	37	9.22158813476563	0.388044685125351	0
NOTE	38	9.48232078552246	0.627050399780273	0
NOTE	39	9.71811294555664	0.427040308713913	0.2818871
NOTE	40	10.4541969299316	0.57044380903244	0.3791364
NOTE	41	11.1694421768188	0.306279510259628	0
NOTE	42	11.4188375473022	0.6886887550354	0
NOTE	43	11.6500959396362	0.530190169811249	0.3000000
NOTE	44	12.3839130401611	0.332695960998535	0.3000000
NOTE	45	13.1104936599731	0.707557678222656	0
NOTE	46	13.3417520523071	0.707557678222656	0
NOTE	47	13.5798110961914	0.707557678222656	0
NOTE	48	14.3158960342407	0.560380399227142	0.3371674
NOTE	49	15.0515460968018	0.327664345502853	0
NOTE	50	15.3009417653084	0.327664345502853	0
NOTE	51	15.5321997404099	0.327664345502853	0
NOTE	52	16.2569465637207	0.546543180942535	0.4165218
NOTE	53	16.9779281616211	0.627050399780273	0
NOTE	54	17.2283897399902	0.408171445131302	0
NOTE	55	17.4709854125977	0.648435175418854	0.3000000
NOTE	56	18.2048015594482	0.42955619096756	0.3000000
NOTE	57	18.9031105041504	0.615729153156281	0
NOTE	58	19.1762447357178	0.385528862476349	0
NOTE	59	19.3916301727295	0.598118126392365	0.3000000
NOTE	60	20.1390495300293	0.41697695851326	0.3000000
NOTE	61	20.8464279174805	0.61698704957962	0
NOTE	62	21.1036930084229	0.356596559286118	0
NOTE	63	21.3168125152588	0.567927956581116	0.3000000
NOTE	64	22.0619659423828	0.411945253610611	0.4380340
NOTE	65	22.77614402771	0.619502902030945	0
NOTE	66	23.0356750488281	0.303763687610626	0
NOTE	67	23.2646656036377	0.47609943151474	0.2353344
NOTE	68	23.7566528320313	0.725168585777283	0
NOTE	69	24.0078010559082	0.269799768924713	0
NOTE	70	24.3589725494385	0.255962506655884	0
NOTE	71	24.2342739105225	0.721394777297974	0
NOTE	72	24.5993003845215	0.733974039554596	0
NOTE	73	24.9552555084229	0.682399094104767	0
NOTE	74	24.7126617431641	0.264768064022064	0
NOTE	75	25.1966495513916	0.479873150587082	0.3000000
NOTE	76	25.6886367797852	0.643403470516205	0
NOTE	77	25.9130954742432	0.377981275320053	0
NOTE	78	26.1685256958008	0.761648416519165	0
NOTE	79	26.3158950805664	0.23709361362307	0
NOTE	80	26.5358180999756	0.755358755588531	0
NOTE	81	26.6582469940186	0.257220536470413	0
NOTE	82	26.8940410614014	0.707557632885575	0
NOTE	83	27.1263656616211	0.469809770584106	0.3000000
NOTE	84	27.6160869598389	0.63082421490031	0
NOTE	85	27.8496131896973	0.342759400606155	0
NOTE	86	28.1118450164795	0.780517220497131	0
NOTE	87	28.2569465637207	0.230804061806843	0
NOTE	88	28.4723339080811	0.749064981937408	0
NOTE	89	28.5856952667236	0.276335805654526	0
NOTE	90	28.8260231018066	0.726422309875488	0
NOTE	91	29.0628833770752	0.502515852451324	0.3000000
NOTE	92	29.5480709075928	0.649693012237549	0
NOTE	93	29.7974662780762	0.381755023729056	0
NOTE	94	30.0528964996338	0.767938017845154	0
NOTE	95	30.1617240905762	0.235835740564013	0
NOTE	96	30.4247226715088	0.743919511160584	0
NOTE	97	30.5108776092529	0.269092197439477	0
NOTE	98	30.7625408172607	0.755005008656156	0
NOTE	99	31.0243396759033	0.511321306228638	0.3000000
NOTE	100	31.4891223907471	0.647726305414935	0
NOTE	101	31.7430534362793	0.40817141262167	0
NOTE	102	31.9697761535645	0.663530290126801	0
NOTE	103	32.1073112487793	0.250930859463368	0
NOTE	104	32.3272323608398	0.775485575199127	0
NOTE	105	32.4496612548828	0.262897881039953	0
NOTE	106	32.694522857666	0.769502078374394	0
NOTE	107	32.9325828552246	0.349527299404144	0
NOTE	108	33.4211044311523	0.666046075877091	0
NOTE	109	33.6818351745605	0.401881873607636	0
NOTE	110	33.9017601013184	0.634297609329224	0
NOTE	111	34.0596961975098	0.235835754767209	0
NOTE	112	34.2592163085938	0.762395322322845	0
NOTE	113	34.3907127380371	0.243619203567505	0
NOTE	114	34.6355781555176	0.761648297309875	0
NOTE	115	34.8668327331543	0.333678781986237	0
NOTE	116	35.3485527038574	0.644661366939545	0
NOTE	117	35.6047515869141	0.414461077736568	0
NOTE	118	35.8382759094238	0.64633309841156	0
NOTE	119	35.9652404785156	0.424208987900023	0
NOTE	120	36.2206687927246	0.770453929901123	0
NOTE	121	36.3090934753418	0.239609542945519	0
NOTE	122	36.5766296386719	0.692292392253876	0
NOTE	123	36.8056221008301	0.345748782157898	0
NOTE	124	37.5480728149414	0.257220506668091	0.3000000
NOTE	125	37.5480728149414	0.741521681966098	0.3000000
NOTE	126	38.2592124938965	0.531448066234589	0
NOTE	127	38.6378440856934	0.466036051511765	0.3000000
NOTE	128	39.2374610900879	0.726426482200623	0
NOTE	129	39.480052947998	0.253446774637084	0
NOTE	130	39.8292083740234	0.751801550388336	0
NOTE	131	40.1277122497559	0.320260491607863	0
NOTE	132	40.2297401428223	0.614471197128296	0
NOTE	133	40.4496650695801	0.310053318738937	0
NOTE	134	40.6831893920898	0.505259394645691	0.2805367
NOTE	135	41.1671752929688	0.266026015054436	0
NOTE	136	41.4211044311523	0.726426422595978	0
NOTE	137	41.767993927002	0.237098693847656	0
NOTE	138	42.0166206359863	0.619129214207398	0
NOTE	139	42.1503868103027	0.370433693789888	0
NOTE	140	42.3771095275879	0.632082045078278	0
NOTE	141	42.6151695251465	0.48867866396904	0.3000000
NOTE	142	43.1467704772949	0.741521596908569	0
NOTE	143	43.339485168457	0.239609524607658	0
NOTE	144	43.695442199707	0.726426541805267	0
NOTE	145	43.9539070129395	0.254704594612122	0
NOTE	146	44.1095771789551	0.569185853004456	0
NOTE	147	44.3431015014648	0.415719032287598	0
NOTE	148	44.5970344543457	0.507547557353973	0.3000000
NOTE	149	45.056079864502	0.267283886671066	0
NOTE	150	45.2873382568359	0.769195914268494	0
NOTE	151	45.6478309631348	0.267283886671066	0
NOTE	152	46.0166206359863	0.369175851345062	0
NOTE	153	46.2705497741699	0.620760729502212	0
NOTE	154	46.5312843322754	0.503041505813599	0.3000000
NOTE	155	46.9711265563965	0.322632521390915	0
NOTE	156	47.2102546691895	0.75005997842473	0
NOTE	157	47.9539031982422	0.23960953950882	0
NOTE	158	48.1889305114746	0.559122502803802	0
NOTE	159	48.4496612548828	0.434587895870209	0.3000000
NOTE	160	47.5888786315918	0.245468333363533	0
NOTE	161	48.8963088989258	0.644661366939545	0
NOTE	162	49.1558380126953	0.312569171190262	0
NOTE	163	49.5027275085449	0.76416426897049	0
NOTE	164	49.8768196105957	0.750829347047542	0
NOTE	165	49.7521209716797	0.234577880237637	0
NOTE	166	45.7929344177246	0.731458187103271	0
NOTE	167	47.8314743041992	0.76290637254715	0
NOTE	168	50.1435852050781	0.361297462573276	0
NOTE	169	50.3612403869629	0.574217607118085	0.3000000
NOTE	170	50.8328247070313	0.395592242479324	0
NOTE	171	51.0946235656738	0.657240629196167	0
NOTE	172	51.4573822021484	0.25204227252488	0
NOTE	173	51.7022438049316	0.752842935819084	0
NOTE	174	51.8156051635742	0.242125377058983	0
NOTE	175	52.0733032226563	0.572959661483765	0
NOTE	176	52.322696685791	0.410687357187271	0.3000000
NOTE	177	52.7761421203613	0.590570628643036	0
NOTE	178	53.0311393737793	0.301247805356979	0
NOTE	179	53.2691993713379	0.7657870054245	0
NOTE	180	53.4006958007813	0.280893534421921	0
NOTE	181	53.7362518310547	0.767938017845154	0
NOTE	182	53.9990005493164	0.277613426437455	0
NOTE	183	54.232006072998	0.517610967159271	0.3000000
NOTE	184	54.7171936035156	0.461004316806793	0
NOTE	185	54.9507217407227	0.375465422868729	0
NOTE	186	55.2011833190918	0.216928422451019	0
NOTE	187	55.3213424682617	0.215989455580711	0
NOTE	188	55.5616722106934	0.224514409899712	0
NOTE	189	55.6863708496094	0.253446727991104	0
NOTE	190	55.9176292419434	0.340814650058746	0
NOTE	191	56.163990020752	0.496226191520691	0.3000000
NOTE	192	56.6491775512695	0.562896251678467	0
NOTE	193	56.891773223877	0.658498525619507	0
NOTE	194	57.1104927062988	0.76290637254715	0
NOTE	195	57.2555961608887	0.783033072948456	0
NOTE	196	57.6296882629395	0.76290625333786	0
NOTE	197	57.865478515625	0.677367508411407	0
NOTE	198	57.4913864135742	0.790085136890411	0
NOTE	199	58.1073112487793	0.540253520011902	0.3000000
NOTE	200	58.5788955688477	0.727684378623962	0
NOTE	201	58.8056182861328	0.361628204584122	0
NOTE	202	59.0764846801758	0.75791597366333	0
NOTE	203	59.1875839233398	0.235835820436478	0
NOTE	204	59.4347076416016	0.756658017635345	0
NOTE	205	59.5684776306152	0.243383318185806	0
NOTE	206	59.7952003479004	0.750368416309357	0
NOTE	207	60.0506286621094	0.520559370517731	0.3000000
NOTE	208	60.5176811218262	0.658498525619507	0
NOTE	209	60.7580070495605	0.367917798022098	0
NOTE	210	61.0009994506836	0.770453870296478	0
NOTE	211	61.1286315917969	0.262093305587769	0
NOTE	212	61.371223449707	0.767963767051697	0
NOTE	213	61.4845848083496	0.238351611321747	0
NOTE	214	61.7203788757324	0.773545026779175	0
NOTE	215	61.9629745483398	0.258328164590779	0
NOTE	216	62.4541969299316	0.608181536197662	0
NOTE	217	62.6967926025391	0.589312672615051	0
NOTE	218	62.9461898803711	0.635855913162231	0
NOTE	219	63.087818145752	0.823286771774292	0
NOTE	220	63.3100090026855	0.832092225551605	0
NOTE	221	63.4415130615234	0.780517220497131	0
NOTE	222	63.6682281494141	0.700010061264038	0
NOTE	223	63.9017639160156	0.616986989974976	0
NOTE	224	64.3907089233398	0.396850138902664	0
NOTE	225	64.6355743408203	0.435845851898193	0
NOTE	226	64.8577575683594	0.390560686588287	0
NOTE	227	65.0191345214844	0.296216189861298	0
NOTE	228	65.2646713256836	0.189292535185814	0
NOTE	229	65.4075012207031	0.219482704997063	0
NOTE	230	65.6070175170898	0.293700337409973	0
NOTE	231	65.8382720947266	0.390560537576675	0
NOTE	232	66.3272323608398	0.796870291233063	0
NOTE	233	66.56982421875	0.765422165393829	0
NOTE	234	66.8010864257813	0.697494208812714	0
NOTE	235	66.9303131103516	0.565412104129791	0
NOTE	236	67.16943359375	0.410687297582626	0
NOTE	237	67.2964096069336	0.310053318738937	0
NOTE	238	67.5344696044922	0.221998572349548	0
NOTE	239	67.7838668823242	0.209419280290604	0
NOTE	240	68.2705535888672	0.764164209365845	0
NOTE	241	68.7262725830078	0.662272393703461	0
NOTE	242	68.8759078979492	0.551574885845184	0
NOTE	243	68.4927368164063	0.736489951610565	0
NOTE	244	69.2283935546875	0.35659646987915	0
NOTE	245	69.477783203125	0.303763657808304	0
NOTE	246	69.7203802466393	0.706299662590027	0.2796198
NOTE	247	69.7135848999023	0.240867406129837	0.2796198
NOTE	248	71.876823425293	0.389302611351013	0
NOTE	249	72.2546768188477	0.693720400333405	0
NOTE	250	72.6197052001953	0.362886160612106	0
NOTE	251	73.0968933105469	0.574217557907104	0
NOTE	252	73.5866165161133	0.367917865514755	0
NOTE	253	73.8133392333984	0.623276650905609	0
NOTE	254	74.2047958374023	0.341501474380493	0
NOTE	255	74.5380859375	0.676109492778778	0
NOTE	256	75.0447463989258	0.397611796855927	0
NOTE	257	75.5163269042969	0.600633971677837	0
NOTE	258	75.75439453125	0.374207526445389	0
NOTE	259	76.1571884155273	0.615729093551636	0
NOTE	260	76.495002746582	0.390560534187486	0
NOTE	261	76.9711303710938	0.590888457362979	0
NOTE	262	77.4551162719727	0.376723378896713	0
NOTE	263	77.6999740600586	0.556606650352478	0
NOTE	264	78.0733032226563	0.604407727718353	0
NOTE	265	78.4201889038086	0.385528770295146	0
NOTE	266	78.8917694091797	0.590637190248572	0
NOTE	267	79.3916320800781	0.347791142906644	0
NOTE	268	79.6387557983398	0.674851596355438	0
NOTE	269	80.0188903808594	0.379730731248856	0
NOTE	270	80.3453750610352	0.579249266604119	0
NOTE	271	80.8418960571289	0.42200865388299	0
NOTE	272	81.323616027832	0.604407780712577	0
NOTE	273	81.5730133056641	0.361628234386444	0
NOTE	274	81.9312286376953	0.588487825874896	0
NOTE	275	82.2864227294922	0.386786782529963	0
NOTE	276	82.7670745849609	0.600633978843689	0
NOTE	277	83.2442626953125	0.42075080532187	0
NOTE	278	83.5140609741211	0.628308355808258	0
NOTE	279	83.8654861450195	0.434238258858773	0
NOTE	280	84.2093353271484	0.609439441649439	0
NOTE	281	84.6967926025391	0.435845822095871	0
NOTE	282	85.1943817138672	0.583023068349611	0
NOTE	283	85.4505767822266	0.364144176244736	0
NOTE	284	85.8042678833008	0.559907145398206	0
NOTE	285	86.1707916259766	0.369175791740417	0
NOTE	286	86.6378479003906	0.565412096426535	0
NOTE	287	87.1377029418945	0.440877467393875	0
NOTE	288	87.3734893798828	0.619502837815643	0
NOTE	289	87.8677520751953	0.445873965968584	0
NOTE	290	88.6083679199219	0.639629599930458	0
NOTE	291	88.8396224975586	0.347791135311127	0
NOTE	292	89.7929306030273	0.422008693218231	0
NOTE	293	90.5108795166016	0.606923699378967	0
NOTE	294	90.7625503540039	0.374207496643066	0
NOTE	295	91.7249069213867	0.444651335477829	0
NOTE	296	92.4564590454102	0.594344437122345	0
NOTE	297	92.7126693725586	0.359112352132797	0
NOTE	298	92.9575271606445	0.584280967712402	0
NOTE	299	93.6750335693359	0.41697695851326	0
NOTE	300	94.383918762207	0.618245005607605	0
NOTE	301	94.6197052001953	0.375465481958122	0
NOTE	302	94.8577651977539	0.608093960992697	0
NOTE	303	96.3499069213867	0.600248741094902	0
NOTE	304	96.585693359375	0.360370303526745	0
NOTE	305	96.8169555664063	0.609439432621002	0
NOTE	306	98.2818832397461	0.642130732536316	0
NOTE	307	98.4972686767578	0.323890507221222	0
NOTE	308	98.7512054443359	0.603149890899658	0
NOTE	309	100.209335327148	0.640887613948948	0
NOTE	310	100.433792114258	0.331438064575195	0
NOTE	311	100.68318939209	0.596235521870724	0
NOTE	312	102.127716064453	0.674851596355438	0
NOTE	313	102.368041992188	0.320116728544235	0
NOTE	314	102.612907409668	0.561638355255127	0.3000000
NOTE	315	89.0628814697266	0.655982673168182	0.3000000
NOTE	316	91.0356750488281	0.601891934871674	0.3000000
NOTE	317	95.6002197265625	0.400623917579651	0.3000000
NOTE	318	97.552604675293	0.46477809548378	0.3000000
NOTE	319	99.4959259033203	0.487420737743378	0.3000000
NOTE	320	101.43017578125	0.473583579063416	0.3000000
