VERSION 2
BPM 280
PAGE_SHIFT 0
PAGE_SIZE 0.857142857142857
NOTE	0	0.171657010912895	0.722652673721313	0
NOTE	1	0.533119082450867	0.267283886671066	0
NOTE	2	0.916871786117554	0.584281027317047	0
NOTE	3	1.33663415908813	0.414461076259613	0
NOTE	4	1.57566559314728	0.608181536197662	0
NOTE	5	1.77128541469574	0.32011669442425	0
NOTE	6	2.05890035629272	0.730200290679932	0
NOTE	7	2.39898586273193	0.326651893810485	0
NOTE	8	2.77885150909424	0.600633978843689	0
NOTE	9	3.24136781692505	0.394334316253662	0
NOTE	10	3.51472139358521	0.662272334098816	0
NOTE	11	3.92282366752625	0.312569141387939	0
NOTE	12	4.29102945327759	0.610697388648987	0
NOTE	13	4.67581176757813	0.42200864069129	0
NOTE	14	5.0975170135498	0.603149771690369	0
NOTE	15	5.32617425918579	0.313827127218246	0
NOTE	16	5.60018587112427	0.715105188064765	0
NOTE	17	5.79452037811279	0.324116311651256	0
NOTE	18	6.15883922576904	0.613213241100311	0
NOTE	19	6.51835823059082	0.43584590875318	0
NOTE	20	6.97244310379028	0.69144870470933	0
NOTE	21	7.1998143196106	0.282378964676212	0
NOTE	22	7.45244884490967	0.697494208812714	0
NOTE	23	7.66621685028076	0.341109189938493	0
NOTE	24	8.02081966400146	0.559122502803802	0
NOTE	25	8.39394187927246	0.408171472481008	0
NOTE	26	8.8499698638916	0.676452536576111	0
NOTE	27	9.06373691558838	0.29747411608696	0
NOTE	28	9.26195812225342	0.676087651645876	0
NOTE	29	9.52716827392578	0.408171508299795	0
NOTE	30	9.89640235900879	0.556606650352478	0
NOTE	31	10.7100057601929	0.694978356361389	0
NOTE	32	10.93932056427	0.273573547078186	0
NOTE	33	11.1928701400757	0.621755432410851	0
NOTE	34	11.412467956543	0.410687270716267	0
NOTE	35	11.7680997848511	0.614471137523651	0
NOTE	36	12.1580533981323	0.341501414775848	0
NOTE	37	12.5933628082275	0.688688695430756	0
NOTE	38	12.8343372344971	0.344017326831818	0
NOTE	39	13.0723400115967	0.603149897279724	0
NOTE	40	13.291937828064	0.362886190414429	0
NOTE	41	13.6456260681152	0.577858912843947	0
NOTE	42	13.9967136383057	0.351564824581146	0
NOTE	43	14.4592294692993	0.648435175418854	0
NOTE	44	14.6991748809814	0.396850147935623	0
NOTE	45	15.1655769348145	0.629566252231598	0
NOTE	46	15.5302677154541	0.398108065128326	0
NOTE	47	15.8761835098267	0.662272334098816	0
NOTE	48	16.357105255127	0.380497097969055	0
NOTE	49	16.5825328826904	0.628308355808258	0
NOTE	50	16.8351669311523	0.351564854383469	0
NOTE	51	17.0431041717529	0.610697388648987	0
NOTE	52	17.3922481536865	0.283636815370006	0
NOTE	53	17.7459373474121	0.682399094104767	0
NOTE	54	18.2210273742676	0.359112411737442	0
NOTE	55	18.4464550018311	0.654724776744843	0
NOTE	56	18.6757698059082	0.366659969091415	0
NOTE	57	18.9121990203857	0.647177219390869	0
NOTE	58	19.2775478363037	0.3113112449646	0
NOTE	59	19.6215209960938	0.638371765613556	0
NOTE	60	20.0907821655273	0.409429459173491	0
NOTE	61	20.3103771209717	0.596860229969025	0
NOTE	62	20.5915050506592	0.366130278650758	0
NOTE	63	20.8033294677734	0.718878925140331	0
NOTE	64	21.145357131958	0.34653314948082	0
NOTE	65	21.5038471221924	0.606923639774323	0
NOTE	66	21.9683055877686	0.386786729097366	0
NOTE	67	22.1937351226807	0.581765115261078	0
NOTE	68	22.663366317749	0.30753742344033	0
NOTE	69	23.0228843688965	0.671077787876129	0
NOTE	70	23.3736000061035	0.400623916686104	0
NOTE	71	23.8419456481934	0.596860229969025	0
NOTE	72	24.0783767700195	0.355460296845877	0
NOTE	73	24.307689666748	0.687430801620394	0
NOTE	74	24.5370063781738	0.306279540061951	0
NOTE	75	24.9032688140869	0.565412104129791	0
NOTE	76	25.2530708312988	0.435845851898193	0
NOTE	77	25.7304763793945	0.684915002969115	0
NOTE	78	25.9423007965088	0.29747399687767	0
NOTE	79	26.187162399292	0.653795259323539	0
NOTE	80	26.4164772033691	0.302141930181074	0
NOTE	81	26.7671909332275	0.601891875267029	0
NOTE	82	27.1305961608887	0.420750712730731	0
NOTE	83	27.5846824645996	0.691204529025832	0
NOTE	84	27.8198261260986	0.287410706281662	0
NOTE	85	28.0608005523682	0.717699289321899	0
NOTE	86	28.2944869995117	0.377981275320053	0
NOTE	87	28.6524906158447	0.610697388648987	0
NOTE	88	29.0003509521484	0.412743836641312	0
NOTE	89	29.4816417694092	0.702525854110718	0
NOTE	90	29.6954097747803	0.307537446645604	0
NOTE	91	30.1685562133789	0.616986989974976	0
NOTE	92	30.5183582305908	0.483646985706201	0
NOTE	93	30.8849925994873	0.66604608297348	0
NOTE	94	31.3436222076416	0.274831414222717	0
NOTE	95	31.5690498352051	0.639629662036896	0
NOTE	96	31.814826965332	0.411945216295749	0
NOTE	97	32.0441398620605	0.645919263362885	0
NOTE	98	32.3958854675293	0.441051959152759	0
NOTE	99	32.7566909790039	0.682399153709412	0
NOTE	100	33.2153205871582	0.302505747437309	0
NOTE	101	33.4572105407715	0.66604608297348	0
NOTE	102	33.6942977905273	0.418234834628912	0
NOTE	103	33.917781829834	0.640830197009251	0
NOTE	104	34.2867126464844	0.393076360225677	0
NOTE	105	34.6244964599609	0.661014378070831	0
NOTE	106	35.0811805725098	0.396850109100342	0
NOTE	107	35.3269577026367	0.608181536197662	0
NOTE	108	35.5601577758789	0.370433747768402	0
NOTE	109	35.7875328063965	0.572959661483765	0
NOTE	110	36.1483383178711	0.320116698741913	0
NOTE	111	36.4845352172852	0.687430869793786	0
NOTE	112	36.9654579162598	0.376723341185055	0
NOTE	113	37.1908836364746	0.600634038448334	0
NOTE	114	37.4318580627441	0.403274035785016	0
NOTE	115	37.6670036315918	0.585588655435021	0
NOTE	116	38.0239219665527	0.678625362458725	0
NOTE	117	38.3737258911133	0.361628264188766	0
NOTE	118	38.8410377502441	0.650951027870178	0
NOTE	119	39.0742416381836	0.3679179251194	0
NOTE	120	39.3132743835449	0.66604608297348	0
NOTE	121	39.5458183288574	0.313827127218246	0
NOTE	122	39.8936767578125	0.713847279548645	0
NOTE	123	40.2512512207031	0.337727665901184	0
NOTE	124	40.7205085754395	0.575475513935089	0
NOTE	125	40.9439926147461	0.34779104590416	0
NOTE	126	41.4175109863281	0.683657050132751	0
NOTE	127	41.7750854492188	0.35911238193512	0
NOTE	128	42.139404296875	0.572959661483765	0
NOTE	129	42.5727729797363	0.437103748321533	0
NOTE	130	42.8156890869141	0.593086421489716	0
NOTE	131	43.075439453125	0.292661160230637	0
NOTE	132	43.2989234924316	0.710073530673981	0
NOTE	133	43.6370697021484	0.299989962490351	0
NOTE	134	44.0130462646484	0.570443868637085	0
NOTE	135	44.4580764770508	0.405655589602091	0
NOTE	136	44.7003326416016	0.679883301258087	0
NOTE	137	45.1434173583984	0.318858772516251	0
NOTE	138	45.5252265930176	0.61069733110333	0
NOTE	139	45.8769721984863	0.413203179836273	0
NOTE	140	46.3465995788574	0.728301406094644	0
NOTE	141	46.5700874328613	0.277347262381561	0
NOTE	142	46.8052291870117	0.741521537303925	0
NOTE	143	47.0403747558594	0.327290121007181	0
NOTE	144	47.3910903930664	0.598118126392365	0
NOTE	145	47.7467231750488	0.435845848954227	0
NOTE	146	48.210521697998	0.691204607486725	0
NOTE	147	48.4495544433594	0.264768042490147	0
NOTE	148	48.6808128356934	0.677930305288783	0
NOTE	149	48.9227027893066	0.420750707387924	0
NOTE	150	49.2627868652344	0.590570569038391	0
NOTE	151	49.6184234619141	0.438361674547195	0
NOTE	152	50.0958251953125	0.6886887550354	0
NOTE	153	50.3309707641602	0.273573467339524	0
NOTE	154	50.5864639282227	0.605665683746338	0
NOTE	155	50.8060569763184	0.424524463437573	0
NOTE	156	51.1461448669434	0.582458985291733	0
NOTE	157	51.4933471679688	0.34653314948082	0
NOTE	158	51.9636344909668	0.692462563514709	0
NOTE	159	52.2046089172363	0.307537403446837	0
NOTE	160	52.4367790222168	0.609439557138929	0
NOTE	161	52.6660919189453	0.356596559286118	0
NOTE	162	53.0139503479004	0.590600233951443	0
NOTE	163	53.3592109680176	0.303763722813812	0
NOTE	164	53.8256149291992	0.711331367492676	0
NOTE	165	54.0694427490234	0.366659970419503	0
NOTE	166	54.3084754943848	0.565412163734436	0
NOTE	167	54.5397338867188	0.377745764361862	0
NOTE	168	54.9083137512207	0.657240629196167	0
NOTE	169	55.2367362976074	0.292442377347214	0
NOTE	170	55.717658996582	0.638371815717719	0
NOTE	171	55.9450302124023	0.337727665901184	0
NOTE	172	56.1860046386719	0.612037998803459	0
NOTE	173	56.4153213500977	0.342116609391434	0
NOTE	174	56.7722396850586	0.701268001280425	0
NOTE	175	57.153133392334	0.252188801765442	0
NOTE	176	57.58935546875	0.610697329044342	0
NOTE	177	57.8245010375977	0.422008633577503	0
NOTE	178	58.0479850769043	0.599362690489208	0
NOTE	179	58.2999610900879	0.350306928157806	0
NOTE	180	58.6497611999512	0.73774778842926	0
NOTE	181	58.9917907714844	0.351564854383469	0
NOTE	182	59.4707679748535	0.579249261309204	0
NOTE	183	59.7039680480957	0.326406359672546	0
NOTE	184	59.9177360534668	0.55539611131865	0
NOTE	185	60.1755409240723	0.266025900087978	0
NOTE	186	60.5408897399902	0.728942334651947	0
NOTE	187	60.9149284362793	0.351564824581146	0
NOTE	188	61.1306419372559	0.547283141514946	0
NOTE	189	61.3638381958008	0.36858380603273	0
NOTE	190	61.5931549072266	0.554090742159737	0
NOTE	191	61.8373603820801	0.258478432893753	0
NOTE	192	62.0841674804688	0.70126788443498	0
NOTE	193	62.4087028503418	0.293976237854057	0
NOTE	194	62.7866287231445	0.581765115261078	0
NOTE	195	62.9790191650391	0.377981240430991	0
NOTE	196	63.2083320617676	0.569828030842103	0
NOTE	197	63.4622535705566	0.297474043723916	0
NOTE	198	63.709056854248	0.750327110290527	0
NOTE	199	63.9480895996094	0.287754327058792	0
NOTE	200	64.2871475219727	0.600634038448334	0
NOTE	201	64.6116790771484	0.445590695642789	0
NOTE	202	64.8682022094727	0.589879552148666	0
NOTE	203	65.0703048706055	0.391818463026301	0
NOTE	204	65.3203506469727	0.726426422595978	0
NOTE	205	65.5729827880859	0.281121006639463	0
NOTE	206	65.8217315673828	0.654859602140071	0
NOTE	207	66.1588395237923	0.410687320936463	0
NOTE	208	66.5358505249023	0.639629662036896	0
NOTE	209	66.7282409667969	0.419621661955611	0
NOTE	210	66.9782791137695	0.728942334651947	0
NOTE	211	67.2270202636719	0.277347284114946	0
NOTE	212	67.4835433959961	0.711101472377777	0
NOTE	213	67.7254333496094	0.365402042865753	0
NOTE	214	68.0091552734375	0.579249262809753	0
NOTE	215	68.3842239379883	0.414378643035889	0
NOTE	216	68.6225967407227	0.739005744457245	0
NOTE	217	68.8674545288086	0.253230184316635	0
NOTE	218	69.1123123168945	0.676836341139328	0
NOTE	219	69.3416290283203	0.249672884850177	0
NOTE	220	69.564094543457	0.557864543177772	0
NOTE	221	69.9197311401367	0.391818434000015	0
NOTE	222	70.2578659057617	0.529668042825023	0
NOTE	223	70.5098419189453	0.263510137796402	0
NOTE	224	70.7255517414638	0.687430804447526	0
NOTE	225	70.984016418457	0.329361853545024	0
NOTE	226	71.2200775146484	0.627050459384918	0
NOTE	227	71.4688262939453	0.438361707305603	0
NOTE	228	71.7855911254883	0.614841150686289	0
NOTE	229	72.12890625	0.309445044364857	0
NOTE	230	72.3679351806641	0.730200350284576	0
NOTE	231	72.6089096069336	0.299989899712312	0
NOTE	232	72.8624649047852	0.659756481647491	0
NOTE	233	73.0529098510742	0.416976934467904	0
NOTE	234	73.3191528320313	0.640851454588272	0
NOTE	235	73.6592330932617	0.475681780718336	0
NOTE	236	74.0122604370117	0.676883598686473	0
NOTE	237	74.2415771484375	0.293700286264169	0
NOTE	238	74.4864349365234	0.708815574645996	0
NOTE	239	74.7419281005859	0.385528832674026	0
NOTE	240	74.9770736694336	0.61824494600296	0
NOTE	241	75.1869506835938	0.400623887777328	0
NOTE	242	75.5360946655273	0.664788126945496	0
NOTE	243	75.8800735473633	0.296216142461937	0
NOTE	244	76.1288223266602	0.652133354372651	0
NOTE	245	76.3532104492188	0.362886190414429	0
NOTE	246	76.6019592285156	0.611955285072327	0
NOTE	247	76.8332214355469	0.378304719924927	0
NOTE	248	77.0567016601563	0.603653013706207	0
NOTE	249	77.4175109863281	0.276089370250702	0
NOTE	250	77.7537078857422	0.673593714148922	0
NOTE	251	78.0087738037109	0.315085023641586	0
NOTE	252	78.2346267700195	0.527569123070453	0
NOTE	253	78.4619979858398	0.342454564314188	0
NOTE	254	78.7010345458984	0.526796212002662	0
NOTE	255	78.9238662719727	0.349048937572121	0
NOTE	256	79.2794952392578	0.720136880874634	0
NOTE	257	79.6215286254883	0.38215069351385	0
NOTE	258	79.8672943115234	0.591828465461731	0
NOTE	259	80.1024398803711	0.369175795951772	0
NOTE	260	80.3317565917969	0.589965310051362	0
NOTE	261	80.5724258422852	0.316710352897644	0
NOTE	262	80.8052673339844	0.744037449359894	0
NOTE	263	81.1550674438477	0.282379060983658	0
NOTE	264	81.5252304077148	0.661014378070831	0
NOTE	265	81.7370452880859	0.438361667224626	0
NOTE	266	81.9760818481445	0.636921354976913	0
NOTE	267	82.1956787109375	0.47408579473481	0
NOTE	268	82.4457092285156	0.723256450542465	0
NOTE	269	82.6711349487305	0.286152720451355	0
NOTE	270	83.3813781738281	0.395961313502529	0
NOTE	271	83.0306549072266	0.652208924293518	0
NOTE	272	83.606803894043	0.601891934871674	0
NOTE	273	83.8361206054688	0.384270931320447	0
NOTE	274	84.0997543334961	0.708815519765551	0
NOTE	275	84.3212966918945	0.281121075153351	0
NOTE	276	84.5525512695313	0.706879339954043	0
NOTE	277	84.9052200317383	0.374207496643066	0
NOTE	278	85.2608413696289	0.583023074979057	0
NOTE	279	85.4823913574219	0.398671268231716	0
NOTE	280	85.7152862548828	0.663530230522156	0
NOTE	281	85.9461898803711	0.262107491493225	0
NOTE	282	86.194938659668	0.680623590946198	0
NOTE	283	86.4261932373047	0.292442372167557	0
NOTE	284	86.7827301025391	0.571150336250071	0
NOTE	285	87.1169891357422	0.372949600219727	0
NOTE	286	87.3657379150391	0.576733417072774	0
NOTE	287	87.5866241455078	0.284894794225693	0
NOTE	288	87.8159408569336	0.679883301258087	0
NOTE	289	88.0530242919922	0.274831341097418	0
NOTE	290	88.2867126464844	0.590570569038391	0
NOTE	291	88.6486053466797	0.423266562419151	0
NOTE	292	88.9964599609375	0.614975273609161	0
NOTE	293	89.2426147460938	0.282378971576691	0
NOTE	294	89.495246887207	0.718863657861199	0
NOTE	295	89.7303924560547	0.287835015493656	0
NOTE	296	89.932502746582	0.735231927603543	0
NOTE	297	90.1763305664063	0.437103781636853	0
NOTE	298	90.551399230957	0.593086421489716	0
NOTE	299	90.8791656494141	0.320116728544235	0
NOTE	300	91.0929336547852	0.733974039554596	0
NOTE	301	91.3164215087891	0.268541753292084	0
NOTE	302	91.5651626586914	0.728942334651947	0
NOTE	303	91.8031616210938	0.401881874043696	0
NOTE	304	92.0402603149414	0.567927896976471	0
NOTE	305	92.395881652832	0.405599290630839	0
NOTE	306	92.7469711303711	0.702525973320007	0
NOTE	307	92.970458984375	0.283636869260494	0
NOTE	308	93.2153167724609	0.715854406356812	0
NOTE	309	93.4397201538086	0.428298205137253	0
NOTE	310	93.6573715209961	0.59560227394104	0
NOTE	311	93.9119491577148	0.443507701158524	0
NOTE	312	94.2847137451172	0.568351984024048	0
NOTE	313	94.6225509643555	0.26728385066594	0
NOTE	314	94.8557510375977	0.674851596355438	0
NOTE	315	95.0928421020508	0.303758818729648	0
NOTE	316	95.315299987793	0.536479772359561	0
NOTE	317	95.5679397583008	0.3679179251194	0
NOTE	318	95.7836532592773	0.531437334367242	0
NOTE	319	96.1405639648438	0.331887334370961	0
NOTE	320	96.4962005615234	0.702525863307109	0
NOTE	321	96.7391128540039	0.328922152519226	0
NOTE	322	96.9810104370117	0.601891929257185	0
NOTE	323	97.210319519043	0.361628264188766	0
NOTE	324	97.4493560791016	0.577375228265844	0
NOTE	325	97.6942138671875	0.385164296211109	0
NOTE	326	98.0375289916992	0.692462440193424	0
NOTE	327	98.3912124633789	0.318858802318573	0
NOTE	328	98.6097793579102	0.674851596355438	0
NOTE	329	98.8507537841797	0.459746367099893	0
NOTE	330	99.0878448486328	0.668382222649193	0
NOTE	331	99.3307647705078	0.407452642917633	0
NOTE	332	99.5594177246094	0.653466820716858	0
NOTE	333	99.8917388916016	0.293700337409973	0
NOTE	334	100.255142211914	0.627050399780273	0
NOTE	335	100.481475830078	0.406913554273956	0
NOTE	336	100.724395751953	0.633340060710907	0
NOTE	337	100.947883605957	0.429264689097403	0
NOTE	338	101.215408325195	0.708815568821805	0
NOTE	339	101.421401977539	0.268541753292084	0
NOTE	340	101.76537322998	0.643914656721904	0
NOTE	341	102.12385559082	0.384270906448364	0
NOTE	342	102.362892150879	0.629566311836243	0
NOTE	343	102.596092224121	0.389302611351013	0
NOTE	344	103.102653503418	0.299200488392444	0
NOTE	345	102.856140136719	0.634597957134247	0
NOTE	346	103.318367004395	0.730200350284576	0
NOTE	347	103.666221618652	0.273573503395255	0
NOTE	348	103.999443054199	0.583023064050636	0
NOTE	349	104.238471984863	0.377981245517731	0
NOTE	350	104.489166259766	0.554297399105785	0
NOTE	351	104.746971130371	0.288668631119197	0
NOTE	352	104.956851295062	0.586796820163727	0.3288672
NOTE	353	10.2578649520874	0.411945223808289	0
