VERSION 2
BPM 300
PAGE_SHIFT 0
PAGE_SIZE 0.8
NOTE	0	0.207426473498344	0.272452116012573	0.2400000
NOTE	1	0.207426473498344	0.727148950099945	0.2400000
NOTE	2	1.25384044647217	0.741913437843323	0
NOTE	3	1.47221851348877	0.246436417102814	0
NOTE	4	1.6981372833252	0.602796077728271	0
NOTE	5	1.89872908592224	0.43016916513443	0.2400000
NOTE	6	2.53882956504822	0.568856120109558	0.2400000
NOTE	7	2.96933388710022	0.721612691879272	0
NOTE	8	3.18959164619446	0.269129256343348	0
NOTE	9	3.39896249771118	0.557283699512482	0
NOTE	10	3.6058714389801	0.419571310281754	0.3941286
NOTE	11	4.67278861999512	0.693838834762573	0
NOTE	12	4.90551996231079	0.279544502496719	0
NOTE	13	5.12077236175537	0.573485136032104	0
NOTE	14	5.32267475128174	0.413785070180893	0.2873369
NOTE	15	5.96743049621582	0.605888068675995	0.2400000
NOTE	16	6.42041969299316	0.346664846937404	0
NOTE	17	6.62399196624756	0.218826020620687	0
NOTE	18	6.85092449188232	0.210109680891037	0
NOTE	19	7.03614139556885	0.362127602100372	0
NOTE	20	7.46230792999268	0.482062667608261	0
NOTE	21	7.7826828956604	0.482062667608261	0
NOTE	22	8.10718822479248	0.633302807807922	0
NOTE	23	8.32911396026611	0.781430423862361	0
NOTE	24	8.53769207000732	0.785261273384094	0
NOTE	25	8.76128768920898	0.633302807807922	0
NOTE	26	9.18077945709229	0.521409034729004	0
NOTE	27	9.82065486907959	0.318890869617462	0
NOTE	28	10.0392446517944	0.228625640273094	0
NOTE	29	10.2578344345093	0.361708998680115	0
NOTE	30	10.892578125	0.535295963287354	0
NOTE	31	10.4654111862183	0.535295963287354	0
NOTE	32	9.49281215667725	0.521409034729004	0
NOTE	33	11.2521228790283	0.524880766868591	0
NOTE	34	11.5291137695313	0.778189241886139	0
NOTE	35	11.7510414123535	0.785261273384094	0
NOTE	36	11.9956617355347	0.534138798713684	0
NOTE	37	12.1838827133179	0.332777827978134	0
NOTE	38	12.6077117919922	0.336249589920044	0
NOTE	39	12.9655914306641	0.681109070777893	0
NOTE	40	13.2626047134399	0.679951846599579	0
NOTE	41	13.4828624725342	0.274915546178818	0
NOTE	42	13.6904401779175	0.625561237335205	0
NOTE	43	13.8990182876587	0.429986566305161	0
NOTE	44	14.3178415298462	0.559598207473755	0
NOTE	45	14.650689125061	0.383696734905243	0
NOTE	46	14.9643907546997	0.601259112358093	0
NOTE	47	15.2020025253296	0.277229964733124	0
NOTE	48	15.4022369384766	0.773688852787018	0
NOTE	49	15.6208257675171	0.284173488616943	0
NOTE	50	16.8971138000488	0.373281508684158	0
NOTE	51	17.1157054901123	0.212424203753471	0
NOTE	52	17.3309555053711	0.335092306137085	0
NOTE	53	17.7539100646973	0.529509782791138	0
NOTE	54	18.0909729003906	0.529509782791138	0
NOTE	55	18.4053401947021	0.634819209575653	0
NOTE	56	18.6222610473633	0.799148261547089	0
NOTE	57	18.8441886901855	0.799148261547089	0
NOTE	58	19.0477600097656	0.642920017242432	0
NOTE	59	19.4590339660645	0.52025181055069	0
NOTE	60	19.8061084747314	0.519094526767731	0
NOTE	61	20.1121311187744	0.355922758579254	0
NOTE	62	20.3390636444092	0.226311177015305	0
NOTE	63	20.5476417541504	0.226311177015305	0
NOTE	64	20.7678985595703	0.335092395544052	0
NOTE	65	21.1708316802979	0.513308346271515	0
NOTE	66	21.5062255859375	0.513308346271515	0
NOTE	67	21.8239307403564	0.726241707801819	0
NOTE	68	22.0425186157227	0.83039391040802	0
NOTE	69	22.277795791626	0.705411314964294	0
NOTE	70	22.480489730835	0.501735866069794	0
NOTE	71	22.8609371185303	0.502893090248108	0
NOTE	72	23.201000213623	0.504050314426422	0
NOTE	73	16.0504550933838	0.597787385872204	0
NOTE	74	16.3875160217285	0.429986566305161	0
NOTE	75	16.6795253753662	0.625561237335205	0
NOTE	76	23.5407314300537	0.267972081899643	0
NOTE	77	23.7576541900635	0.223996698856354	0
NOTE	78	23.9745750427246	0.336249649524689	0
NOTE	79	24.1739330291748	0.497106820344925	0
NOTE	80	24.6461524963379	0.497106820344925	0
NOTE	81	24.9288196563721	0.66490763425827	0
NOTE	82	25.2625427246094	0.769059836864471	0
NOTE	83	25.4711208343506	0.590843856334686	0
NOTE	84	25.698844909668	0.366337954998016	0
NOTE	85	25.9074230194092	0.660278558731079	0
NOTE	86	26.3245792388916	0.353608220815659	0
NOTE	87	26.647289276123	0.575799589840674	0
NOTE	88	26.959321975708	0.403369903564453	0
NOTE	89	27.1745738983154	0.597787319587088	0
NOTE	90	27.4139823913574	0.235569134354591	0
NOTE	91	27.6242275238037	0.20316618680954	0
NOTE	92	27.8528308868408	0.229782983660698	0
NOTE	93	28.042049407959	0.395269155502319	0
NOTE	94	28.9138622283936	0.262185782194138	0
NOTE	95	29.1257801055908	0.208952441811562	0
NOTE	96	29.3376922607422	0.207795172929764	0
NOTE	97	28.257303237915	0.512151181697845	0
NOTE	98	28.3774433135986	0.530667006969452	0
NOTE	99	28.5776767730713	0.53298145532608	0
NOTE	100	28.6961498260498	0.468175709247589	0
NOTE	101	29.5462703704834	0.285330682992935	0
NOTE	102	29.7488403320313	0.676480114459991	0
NOTE	103	29.9624252319336	0.75748735666275	0
NOTE	104	30.085901260376	0.757487416267395	0
NOTE	105	30.2994861602783	0.714669227600098	0
NOTE	106	30.4204196929932	0.495949625968933	0
NOTE	107	30.6106433868408	0.426181256771088	0
NOTE	108	30.8242263793945	0.384853929281235	0
NOTE	109	31.041145324707	0.48695033788681	0
NOTE	110	31.2637424468994	0.693838834762573	0
NOTE	111	31.462308883667	0.792204797267914	0
NOTE	112	31.687572479248	0.811877965927124	0
NOTE	113	31.8143844604492	0.758644640445709	0
NOTE	114	31.9939937591553	0.546868443489075	0
NOTE	115	32.1188659667969	0.307318359613419	0
NOTE	116	32.3307838439941	0.229782909154892	0
NOTE	117	32.5577125549316	0.20432336628437	0
NOTE	118	32.7596206665039	0.359394460916519	0
NOTE	119	32.9755363464355	0.533875716908572	0
NOTE	120	33.1941299438477	0.561912655830383	0
NOTE	121	33.4160537719727	0.538189094793751	0
NOTE	122	33.5295181274414	0.439244449138641	0
NOTE	123	33.7305526733398	0.276072770357132	0
NOTE	124	33.8490257263184	0.196222722530365	0
NOTE	125	34.0309028625488	0.206637933850288	0
NOTE	126	34.2561683654785	0.337406784296036	0
NOTE	127	34.478759765625	0.610517084598541	0
NOTE	128	43.0577735900879	0.339721322059631	0
NOTE	129	43.2854957580566	0.548025667667389	0
NOTE	130	43.4773902893066	0.715440690517426	0
NOTE	131	43.6809616088867	0.759030282497406	0
NOTE	132	43.8311347961426	0.653335094451904	0
NOTE	133	34.6973533630371	0.76443088054657	0
NOTE	134	34.8959159851074	0.778317809104919	0
NOTE	135	35.1111679077148	0.667222142219543	0
NOTE	136	35.2354393005371	0.446188002824783	0
NOTE	137	35.4473495483398	0.404527127742767	0
NOTE	138	35.5674934387207	0.398740947246552	0
NOTE	139	35.7693977355957	0.435772776603699	0
NOTE	140	35.9729690551758	0.580428600311279	0
NOTE	141	36.1855506896973	0.762116372585297	0
NOTE	142	36.4008026123047	0.771374344825745	0
NOTE	143	36.6244010925293	0.66490763425827	0
NOTE	144	36.8387756347656	0.425357609987259	0
NOTE	145	36.9438934326172	0.261028498411179	0
NOTE	146	37.1591491699219	0.235569044947624	0
NOTE	147	37.285961151123	0.221682235598564	0
NOTE	148	37.4661750793457	0.288802474737167	0
NOTE	149	37.7021255493164	0.467018455266953	0
NOTE	150	37.9123687744141	0.514465570449829	0
NOTE	151	38.1092643737793	0.509836614131927	0
NOTE	152	38.3261833190918	0.42072856426239	0
NOTE	153	38.5522422790527	0.217053189873695	0
NOTE	154	38.6690444946289	0.186964750289917	0
NOTE	155	38.862606048584	0.190436497330666	0
NOTE	156	38.9894218444824	0.211266919970512	0
NOTE	157	39.2203559875488	0.630190253257751	0
NOTE	158	39.3938941955566	0.786418557167053	0
NOTE	159	39.6308364868164	0.797991096973419	0
NOTE	160	39.8427543640137	0.722769975662231	0
NOTE	161	40.0654716491699	0.508679330348969	0
NOTE	162	40.2690467834473	0.439244568347931	0
NOTE	163	40.3925247192383	0.429986596107483	0
NOTE	164	40.5877494812012	0.449659764766693	0
NOTE	165	40.7062225341797	0.537610530853271	0
NOTE	166	40.9137992858887	0.755172908306122	0
NOTE	167	41.102352142334	0.819978654384613	0
NOTE	168	41.3242797851563	0.766745328903198	0
NOTE	169	41.5361938476563	0.637133717536926	0
NOTE	170	41.7655906677246	0.322362631559372	0
NOTE	171	41.9624938964844	0.222839489579201	0
NOTE	172	42.0676116943359	0.207795217633247	0
NOTE	173	42.2862014770508	0.233254611492157	0
NOTE	174	42.4203588724136	0.404527127742767	0
NOTE	175	42.6306076049805	0.475119173526764	0
NOTE	176	42.8308372497559	0.472804695367813	0
NOTE	177	44.0203552246094	0.504050314426422	0
NOTE	178	44.122142791748	0.335092335939407	0
NOTE	179	44.3373985290527	0.23441182076931	0
NOTE	180	44.535961151123	0.294588714838028	0
NOTE	181	44.7528839111328	0.447345286607742	0
NOTE	182	44.9822769165039	0.673008382320404	0
NOTE	183	45.1908531188965	0.780632317066193	0
NOTE	184	45.4044380187988	0.722769916057587	0
NOTE	185	45.4978790283203	0.539925038814545	0
NOTE	186	45.7471748828888	0.352451026439667	0
NOTE	187	45.8556327819824	0.228625580668449	0
NOTE	188	46.0608749389648	0.243669778108597	0
NOTE	189	46.2677841186523	0.374438732862473	0
NOTE	190	46.4988466978073	0.579271376132965	0
NOTE	191	46.6840629577637	0.727398991584778	0
NOTE	192	46.9043197631836	0.748229444026947	0
NOTE	193	47.1012191772461	0.645234525203705	0
NOTE	194	47.2220230102539	0.450816988945007	0
NOTE	195	47.4339408874512	0.270286530256271	0
NOTE	196	47.564094543457	0.239040851593018	0
NOTE	197	47.7726745605469	0.276072800159454	0
NOTE	198	47.9628982543945	0.419571340084076	0
NOTE	199	48.1756019592285	0.623246729373932	0
NOTE	200	48.4092102050781	0.718140959739685	0
NOTE	201	48.6094436645508	0.694996058940887	0
NOTE	202	48.8353729248047	0.49016335606575	0
NOTE	203	48.9538459777832	0.29921767115593	0
NOTE	204	49.1640930175781	0.228625684976578	0
NOTE	205	49.260871887207	0.245984375476837	0
NOTE	206	49.4661140441895	0.351293802261353	0
NOTE	207	49.7005195617676	0.499421358108521	0
NOTE	208	49.8874015808105	0.684580862522125	0
NOTE	209	50.1009826660156	0.692681491374969	0
NOTE	210	50.3312530517578	0.634819209575653	0
NOTE	211	50.5404968261719	0.387168437242508	0
NOTE	212	50.6623077392578	0.252927780151367	0
NOTE	213	50.8775634765625	0.227468460798264	0
NOTE	214	50.9910278320313	0.287645250558853	0
NOTE	215	51.1712379455566	0.456603199243546	0
NOTE	216	51.3822746276855	0.638291001319885	0
NOTE	217	51.597526550293	0.716983735561371	0
NOTE	218	51.8044395446777	0.632504761219025	0
NOTE	219	52.0270347595215	0.470490247011185	0
NOTE	220	52.2356109619141	0.29227414727211	0
NOTE	221	52.3874549865723	0.243669867515564	0
NOTE	222	52.5977020263672	0.289959728717804	0
NOTE	223	52.6994857788086	0.391797423362732	0
NOTE	224	52.9156227111816	0.598944544792175	0
NOTE	225	53.0458068847656	0.642919898033142	0
NOTE	226	53.1292686462402	0.671851098537445	0
NOTE	227	53.2210731506348	0.688052535057068	0
NOTE	228	53.3045310974121	0.704254031181335	0
NOTE	229	53.3913269042969	0.688052535057068	0
NOTE	230	53.6738471984863	0.460074990987778	0
NOTE	231	53.8026313781738	0.417256861925125	0
NOTE	232	53.9080467224121	0.402212649583817	0
NOTE	233	54.0067939758301	0.397583663463593	0
NOTE	234	54.1038665771484	0.404527127742767	0
NOTE	235	54.1976051330566	0.418414145708084	0
NOTE	236	54.4010009765625	0.631347477436066	0
NOTE	237	54.4854965209961	0.718140959739685	0
NOTE	238	54.5721778869629	0.765588104724884	0
NOTE	239	54.6791534423828	0.808406293392181	0
NOTE	240	54.8007736206055	0.817664265632629	0
NOTE	241	54.9159126281738	0.794519245624542	0
NOTE	242	55.017879486084	0.755172789096832	0
NOTE	243	55.119571685791	0.689209759235382	0
NOTE	244	55.1990013122559	0.608202576637268	0
NOTE	245	55.201000213623	0.556780695915222	0
NOTE	246	55.201000213623	0.448502480983734	0
NOTE	247	55.2619781494141	0.37443870306015	0
NOTE	248	55.3522758483887	0.31541907787323	0
NOTE	249	55.4589691162109	0.257556766271591	0
NOTE	250	55.5456466674805	0.245984375476837	0
NOTE	251	55.6659736633301	0.241355329751968	0
NOTE	252	55.765998840332	0.263343065977097	0
NOTE	253	55.851001739502	0.309632837772369	0
NOTE	254	53.4895362854004	0.664907693862915	0
NOTE	255	53.5511817932129	0.607045292854309	0
NOTE	256	53.5678672790527	0.523723542690277	0
NOTE	257	54.2794647216797	0.439244538545609	0
NOTE	258	54.359561920166	0.480905413627625	0
NOTE	259	54.3895034790039	0.549183011054993	0
NOTE	260	55.9328575134277	0.366338044404984	0
NOTE	261	55.9990005493164	0.462389469146729	0
NOTE	262	56.1561813354492	0.487848877906799	0
NOTE	263	56.2531236041668	0.487848877906799	0
NOTE	264	56.3500658728843	0.487848877906799	0
NOTE	265	56.4470081329346	0.487848877906799	0
NOTE	266	56.5439504103194	0.487848877906799	0
NOTE	267	56.6408926530351	0.487848877906799	0
NOTE	268	56.7378333091736	0.487848877906799	0
LINK 224 225 226 227 228 229 254 255 256
LINK 230 231 232 233 234 235 257 258 259
LINK 236 237 238 239 240 241 242 243 244
LINK 245 246 247 248 249 250 251 252 253 260 261 262 263 264 265 266 267 268
