VERSION 2
BPM 300
PAGE_SHIFT 0
PAGE_SIZE 0.8
NOTE	0	0.198962479829788	0.726241767406464	0
NOTE	1	0.430900782346725	0.258714109659195	0
NOTE	2	0.664507746696472	0.719876885414124	0
NOTE	3	0.905457019805908	0.412882859481812	0
NOTE	4	1.13072097301483	0.568856179714203	0
NOTE	5	1.37100231647491	0.441559046506882	0
NOTE	6	1.61040830612183	0.719298303127289	0
NOTE	7	1.83734083175659	0.263342976570129	0
NOTE	8	2.07094788551331	0.722769975662231	0
NOTE	9	2.30288624763489	0.26912921667099	0
NOTE	10	2.54049849510193	0.58505767583847	0
NOTE	11	2.77911114692688	0.421885788440704	0
NOTE	12	2.99936890602112	0.553811967372894	0
NOTE	13	3.25879836082459	0.298233732381881	0
NOTE	14	3.47738790512085	0.734342447880183	0
NOTE	15	3.72267484664917	0.273758262395859	0
NOTE	16	3.94126439094543	0.716762704823298	0
NOTE	17	4.18054485321045	0.440401762723923	0
NOTE	18	4.42082691192627	0.566541612148285	0
NOTE	19	4.65109634399414	0.446187943220139	0
NOTE	20	4.88716506958008	0.732027954600611	0
NOTE	21	5.11743450164795	0.288802474737167	0
NOTE	22	5.35771656036377	0.748229384422302	0
NOTE	23	5.59566307067871	0.320048034191132	0
NOTE	24	5.80390548706055	0.567416667938232	0
NOTE	25	6.05253028869629	0.421885907649994	0
NOTE	26	6.28947448730469	0.566541676484519	0
NOTE	27	6.52554321289063	0.257556865615427	0
NOTE	28	6.75080680847168	0.725084483623505	0
NOTE	29	6.98107671737671	0.287084632617823	0
NOTE	30	7.22369527816772	0.59084392176246	0
NOTE	31	7.46063899993896	0.433689713478088	0
NOTE	32	7.70092010498047	0.58505767583847	0
NOTE	33	7.92952156066895	0.479748243712142	0
NOTE	34	8.16058349609375	0.744757638071064	0
NOTE	35	8.39085388183594	0.252927899360657	0
NOTE	36	8.63113594055176	0.689209807556907	0
NOTE	37	8.88209629058838	0.428829287577855	0
NOTE	38	9.09067344665527	0.620932161808014	0
NOTE	39	9.33095550537109	0.418413996696472	0
NOTE	40	9.59899997711182	0.570013344287872	0
NOTE	41	9.80396938323975	0.749386608600616	0
NOTE	42	10.024227142334	0.272601008415222	0
NOTE	43	10.257833480835	0.726241827011108	0
NOTE	44	22.2294044494629	0.543396711349487	0
NOTE	45	22.4754848480225	0.688052535057068	0
NOTE	46	84.1071243286133	0.284173488616943	0.2400000
NOTE	47	84.1071243286133	0.707725703716278	0.2400000
NOTE	48	10.5154685974121	0.457783465653506	0
NOTE	49	10.7557506561279	0.586214906180317	0
NOTE	50	10.9760084152222	0.440401762723923	0
NOTE	51	11.2120761871338	0.697310566902161	0
NOTE	52	11.4406776428223	0.262185782194138	0
NOTE	53	11.6692790985107	0.715826511383057	0
NOTE	54	11.9078922271729	0.3084756731987	0
NOTE	55	12.1588535308838	0.576956927776337	0
NOTE	56	12.3924598693848	0.399898141622543	0
NOTE	57	12.6227293014526	0.570013403892517	0
NOTE	58	12.8571300506592	0.305003881454468	0
NOTE	59	13.109091758728	0.713512003421783	0
NOTE	60	13.3176698684692	0.292274206876755	0
NOTE	61	13.5596199035645	0.682266354560852	0
NOTE	62	13.8022375106812	0.424200296401978	0
NOTE	63	14.0308380126953	0.616303265094757	0
NOTE	64	14.289475440979	0.449659764766693	0
NOTE	65	14.5021829605103	0.678794622421265	0
NOTE	66	14.7207717895508	0.395269185304642	0
NOTE	67	14.9760723114014	0.508679270744324	0
NOTE	68	15.2253637313843	0.158033609390259	0
NOTE	69	15.4406147003174	0.267586294101259	0
NOTE	70	15.664210319519	0.377138978812258	0
NOTE	71	15.8911418914795	0.486691653728485	0
NOTE	72	16.1338863372803	0.673008382320404	0
NOTE	73	16.3825092315674	0.778317779302597	0
NOTE	74	16.6010990142822	0.88362717628479	0
NOTE	75	16.8470554351807	0.806091725826263	0
NOTE	76	17.0723209381104	0.713897770177958	0
NOTE	77	17.3025894165039	0.62170380628687	0
NOTE	78	17.5311908721924	0.529509842395782	0
NOTE	79	17.7655906677246	0.367495268583298	0
NOTE	80	17.9791736602783	0.254085093736649	0
NOTE	81	18.2227935791016	0.140674903988838	0
NOTE	82	18.4720840454102	0.222839310765266	0
NOTE	83	18.7223777770996	0.335477977991104	0
NOTE	84	18.9426364898682	0.448116660118103	0
NOTE	85	19.171236038208	0.560755372047424	0
NOTE	86	19.4073047637939	0.664907574653625	0
NOTE	87	19.6459197998047	0.76848116517067	0
NOTE	88	19.8811950683594	0.872054755687714	0
NOTE	89	20.1138000488281	0.716983795166016	0
NOTE	90	20.3357276916504	0.640605449676514	0
NOTE	91	20.5943622589111	0.543396770954132	0
NOTE	92	20.8009986877441	0.425357550382614	0
NOTE	93	21.0273284912109	0.323134100569693	0
NOTE	94	21.2776222229004	0.220910641617282	0
NOTE	95	21.5295848846436	0.118687182664871	0
NOTE	96	21.7488422393799	0.274915546178818	0
NOTE	97	21.9941291809082	0.409156128764153	0
NOTE	98	30.4471187591553	0.710040271282196	0
NOTE	99	30.6690444946289	0.229782819747925	0
NOTE	100	30.9210071563721	0.703096747398376	0
NOTE	101	31.1295833587646	0.311947405338287	0
NOTE	102	30.2160549163818	0.403369873762131	0
NOTE	103	31.3888893127441	0.520251750946045	0
NOTE	104	31.5991344451904	0.519094586372375	0
NOTE	105	31.8460903167725	0.402212619781494	0
NOTE	106	32.082160949707	0.63134753704071	0
NOTE	107	32.3174324035645	0.276072710752487	0
NOTE	108	32.5410270690918	0.6915243268013	0
NOTE	109	32.7879867553711	0.311947494745255	0
NOTE	110	33.0072441101074	0.521409034729004	0
NOTE	111	33.2491912841797	0.512151062488556	0
NOTE	112	33.4944763183594	0.340878546237946	0
NOTE	113	37.700454713411	0.166134342551231	0
NOTE	114	37.700454713411	0.815349698066711	0
NOTE	115	37.9340591480443	0.21844182908535	0
NOTE	116	37.9340591480443	0.778086343861302	0
NOTE	117	38.1593208396334	0.299680650234222	0
NOTE	118	38.1593208396334	0.70031940879106	0
NOTE	119	45.1825103759766	0.336249560117722	0.2400000
NOTE	120	45.1825103759766	0.677637338638306	0.2400000
NOTE	121	77.052360534668	0.376753270626068	0
NOTE	122	77.3226776123047	0.250613331794739	0
NOTE	123	77.5529479980469	0.392954707145691	0
NOTE	124	77.7822113037109	0.692681550979614	0
NOTE	125	78.0174865722656	0.763273596763611	0
NOTE	126	78.2594375610352	0.63829094171524	0
NOTE	127	78.4955139160156	0.35823729634285	0
NOTE	128	78.7257791757584	0.237883597612381	0
NOTE	129	78.961051940918	0.232097387313843	0
NOTE	130	79.4306106567383	0.642919957637787	0
NOTE	131	79.6491928100586	0.742443144321442	0
NOTE	132	79.8861465454102	0.642919898033142	0
NOTE	133	79.1896591186523	0.387168437242508	0
NOTE	134	80.1372222900391	0.392954677343369	0
NOTE	135	80.3641586303711	0.232097387313843	0
NOTE	136	80.6111068725586	0.325834333896637	0
NOTE	137	80.8337097167969	0.529509782791138	0
NOTE	138	81.0756607055664	0.712354779243469	0
NOTE	139	81.3326263427734	0.760959148406982	0
NOTE	140	81.5345306396484	0.61861777305603	0
NOTE	141	81.7505722045898	0.398740917444229	0
NOTE	142	82.0075378417969	0.235569134354591	0
NOTE	143	82.2411499023438	0.376753240823746	0
NOTE	144	82.4604034423828	0.512151062488556	0
NOTE	145	82.7073669433594	0.694996058940887	0
NOTE	146	82.937629699707	0.754015624523163	0
NOTE	147	83.1645660400391	0.603573560714722	0
NOTE	148	83.4056396484375	0.35823729634285	0
NOTE	149	83.6208953857422	0.236726373434067	0
NOTE	150	83.8578338623047	0.326991587877274	0
NOTE	151	22.692403793335	0.741285920143127	0
NOTE	152	22.9460353851318	0.722770035266876	0
NOTE	153	23.1662921905518	0.549183011054993	0
NOTE	154	23.3905563354492	0.31889083981514	0
NOTE	155	23.62917137146	0.219367668032646	0
NOTE	156	23.864444732666	0.35129377245903	0
NOTE	157	24.100513458252	0.583900332450867	0
NOTE	158	24.3391265869141	0.760959148406982	0
NOTE	159	24.5777378082275	0.670693874359131	0
NOTE	160	24.8303718566895	0.478590905666351	0
NOTE	161	25.038948059082	0.247141599655151	0
NOTE	162	25.2775611877441	0.264500260353088	0
NOTE	163	25.50950050354	0.465861201286316	0
NOTE	164	25.7455673217773	0.620932221412659	0
NOTE	165	25.9574813842773	0.735499739646912	0
NOTE	166	26.2094440460205	0.699625015258789	0
NOTE	167	26.435375213623	0.502893149852753	0
NOTE	168	26.6773242950439	0.233254671096802	0
NOTE	169	26.9092655181885	0.263343006372452	0
NOTE	170	27.1462078094482	0.439244568347931	0
NOTE	171	27.3739337921143	0.623246729373932	0
NOTE	172	27.6142139434814	0.742443203926086	0
NOTE	173	27.856164932251	0.644077181816101	0
NOTE	174	28.0904388427734	0.454288721084595	0
NOTE	175	28.2956790924072	0.280701756477356	0
NOTE	176	28.5609912872314	0.292274236679077	0
NOTE	177	28.7729053497314	0.482062667608261	0
NOTE	178	29.0123119354248	0.635976493358612	0
NOTE	179	29.2275638580322	0.743600428104401	0
NOTE	180	29.4962139129639	0.635976433753967	0
NOTE	181	29.7087936401367	0.390640199184418	0
NOTE	182	29.9674301147461	0.248298823833466	0
NOTE	183	33.7188682556152	0.630190253257751	0
NOTE	184	33.9391326904297	0.325834363698959	0
NOTE	185	34.1610565185547	0.691524267196655	0
NOTE	186	34.4220275878906	0.325834304094315	0
NOTE	187	34.6573028564453	0.494792401790619	0
NOTE	188	34.8675498962402	0.495949655771255	0
NOTE	189	35.1178436279297	0.350136548280716	0
NOTE	190	35.332218170166	0.600101828575134	0
NOTE	191	35.597526550293	0.354765623807907	0
NOTE	192	35.8077735900879	0.571170747280121	0
NOTE	193	36.0670776367188	0.288802474737167	0
NOTE	194	36.2923431396484	0.736656963825226	0
NOTE	195	36.5426368713379	0.262185841798782	0
NOTE	196	36.7578887939453	0.693838775157928	0
NOTE	197	37.2242240905762	0.499421387910843	0
NOTE	198	37.4578323364258	0.504050374031067	0
NOTE	199	37.0006294250488	0.499421358108521	0
NOTE	200	38.4020652770996	0.404527127742767	0
NOTE	201	38.4158935546875	0.61861777305603	0
NOTE	202	38.6220817565918	0.404527127742767	0
NOTE	203	38.6220817565918	0.61861777305603	0
NOTE	204	38.864990234375	0.404527127742767	0
NOTE	205	38.864990234375	0.61861777305603	0
NOTE	206	39.099552154541	0.403369873762131	0
NOTE	207	39.099552154541	0.617460548877716	0
NOTE	208	39.332157136979	0.156876385211945	0
NOTE	209	39.332157136979	0.83039391040802	0
NOTE	210	39.5707664489746	0.229204283970605	0
NOTE	211	39.5557510137558	0.758066003475832	0
NOTE	212	39.8077125549316	0.301532182729265	0
NOTE	213	39.7910270690918	0.685738142820533	0
NOTE	214	40.0354347234284	0.380224972963333	0
NOTE	215	40.0354347234284	0.588529407978058	0
NOTE	216	40.2623710632324	0.395269155502319	0
NOTE	217	40.5076560974121	0.383696705102921	0
NOTE	218	40.7345924377441	0.386011213064194	0
NOTE	219	40.9755363464355	0.167291566729546	0
NOTE	220	41.2241630617405	0.244827106595039	0
NOTE	221	41.4410858249826	0.29227416162766	0
NOTE	222	40.2707131385803	0.596630096435547	0
NOTE	223	40.5076560974121	0.588529348373413	0
NOTE	224	40.7329177856445	0.592001080513	0
NOTE	225	40.9755363464355	0.833865702152252	0
NOTE	226	41.2241630617405	0.752858391428392	0
NOTE	227	41.4410858249826	0.719298243522644	0
NOTE	228	41.6704826365483	0.413785129785538	0
NOTE	229	41.6704826365483	0.578114151954651	0
NOTE	230	41.9057540939116	0.413785129785538	0
NOTE	231	41.9057540939116	0.578114151954651	0
NOTE	232	42.1443672261293	0.413785129785538	0
NOTE	233	42.1443672261293	0.578114151954651	0
NOTE	234	42.37630845273	0.413785129785538	0
NOTE	235	42.37630845273	0.578114151954651	0
NOTE	236	42.6039085418568	0.198537172551571	0
NOTE	237	42.859207160163	0.236726313829422	0
NOTE	238	43.0878105266066	0.301532208919525	0
NOTE	239	42.6039085418568	0.807248950004578	0
NOTE	240	43.3172950744629	0.445030778646469	0
NOTE	241	43.4073066711426	0.460074961185455	0
NOTE	242	43.4856376647949	0.469332963228226	0
NOTE	243	43.320629119873	0.610517024993896	0
NOTE	244	43.4089775085449	0.576956868171692	0
NOTE	245	43.4956474304199	0.578114151954651	0
NOTE	246	43.5642509460449	0.579271376132965	0
NOTE	247	43.6742858886719	0.580428600311279	0
NOTE	248	43.7743110656738	0.588529348373413	0
NOTE	249	43.5642547607422	0.476276427507401	0
NOTE	250	43.6776237487793	0.472804665565491	0
NOTE	251	43.7843208312988	0.468175709247589	0
NOTE	252	42.859207160163	0.767902608701348	0
NOTE	253	43.0878105266066	0.698467715754191	0
NOTE	254	43.8696098327637	0.45660325884819	0
NOTE	255	43.9379272460938	0.421885848045349	0
NOTE	256	43.8646049499512	0.603573620319366	0
NOTE	257	43.9479446411133	0.652177929878235	0
NOTE	258	43.9990005493164	0.720455467700958	0
NOTE	259	43.9990005493164	0.35476553440094	0
NOTE	260	44.0009994506836	0.366337895393372	0
NOTE	261	44.0989360809326	0.245984271168709	0
NOTE	262	44.1968727111816	0.197958618402481	0
NOTE	263	44.2948093414307	0.178864046931267	0
NOTE	264	44.3927459716797	0.17423503100872	0
NOTE	265	44.4906826019287	0.195258319377899	0
NOTE	266	44.5886192321777	0.220139056444168	0
NOTE	267	44.6865558624268	0.273565322160721	0
NOTE	268	44.7844924926758	0.321205317974091	0
NOTE	269	44.0009994506836	0.722769975662231	0
NOTE	270	44.1008744239807	0.800305545330048	0
NOTE	271	44.1990814208984	0.823450446128845	0
NOTE	272	44.3006248474121	0.829236686229706	0
NOTE	273	44.3988304138184	0.837337374687195	0
NOTE	274	44.500373840332	0.819978713989258	0
NOTE	275	44.6002502441406	0.792204797267914	0
NOTE	276	44.6984558105469	0.766745388507843	0
NOTE	277	44.7889862060547	0.705411314964294	0
NOTE	278	46.6006317168568	0.308475703001022	0.2400000
NOTE	279	46.6006317168568	0.686895310878754	0.2400000
NOTE	280	47.0661773681641	0.504050314426422	0
NOTE	281	47.4272689819336	0.287645220756531	0
NOTE	282	47.7710037231445	0.284173488616943	0
NOTE	283	48.9388313293457	0.479748249053955	0
NOTE	284	49.3025894165039	0.490163385868073	0
NOTE	285	49.6654739379883	0.486691653728485	0
NOTE	286	50.8108139038086	0.495949625968933	0
NOTE	287	51.1645622253418	0.495949625968933	0
NOTE	288	51.5191040039063	0.501735866069794	0
NOTE	289	52.2256011962891	0.483219891786575	0.1743996
NOTE	290	52.6878051757813	0.592001140117645	0
NOTE	291	53.0657043457031	0.382539391517639	0
NOTE	292	53.4127807617188	0.604730784893036	0
NOTE	293	53.763858795166	0.39179739356041	0
NOTE	294	48.1640129089355	0.755172848701477	0
NOTE	295	48.3174324035645	0.674744199205918	0
NOTE	296	48.4708518981934	0.594315592638058	0
NOTE	297	49.9992904663086	0.24714158475399	0
NOTE	298	50.1685619354248	0.336249567568302	0
NOTE	299	50.337833404541	0.425357550382614	0
NOTE	300	51.8770236968994	0.697889178991318	0
NOTE	301	51.9962348937988	0.608202576637268	0
NOTE	302	54.0976791381836	0.773688793182373	0
NOTE	303	54.2227325439453	0.692102909088135	0
NOTE	304	54.347785949707	0.610517024993896	0
NOTE	305	54.572265625	0.498264133930206	0
NOTE	306	54.9109954833984	0.490163415670395	0
NOTE	307	55.273754119873	0.494792371988297	0
NOTE	308	55.6324768066406	0.234411835670471	0
NOTE	309	55.8018417358398	0.326991501724365	0
NOTE	310	55.9712066650391	0.419571199567407	0
NOTE	311	56.4442481994629	0.645234405994415	0
NOTE	312	56.8126792907715	0.514465570449829	0
NOTE	313	57.1490783691406	0.514465570449829	0
NOTE	314	57.4978179931641	0.514465570449829	0
NOTE	315	59.4174118041992	0.754015624523163	0
NOTE	316	59.5499725341797	0.674165606498718	0
NOTE	317	59.6825332641602	0.594315588474274	0
NOTE	318	57.8174133333179	0.750543832955969	0
NOTE	319	57.9533128314214	0.675322830765552	0
NOTE	320	58.089212329525	0.600101828575134	0
NOTE	321	58.304557800293	0.505207657814026	0
NOTE	322	58.6773262023926	0.512151122093201	0
NOTE	323	58.9893587589264	0.512151122093201	0
NOTE	324	60.1755409240723	0.502893090248108	0
NOTE	325	60.5326232910156	0.499421358108521	0
NOTE	326	60.8854942321777	0.495949596166611	0
NOTE	327	61.2193135261536	0.26565757393837	0
NOTE	328	61.3552131652832	0.347243443131447	0
NOTE	329	61.4911117553711	0.428829312324524	0
NOTE	330	61.8423805236816	0.72392725944519	0
NOTE	331	61.9599266052246	0.655649721622467	0
NOTE	332	62.0774726867676	0.587372124195099	0
NOTE	333	62.7708320617676	0.288802474737167	0
NOTE	334	63.1162376403809	0.69846785068512	0
NOTE	335	63.4673156738281	0.515622794628143	0.2400000
NOTE	336	63.9311904907227	0.348979324102402	0
NOTE	337	64.304084777832	0.722769975662231	0
NOTE	338	64.6478271484375	0.331620573997498	0
NOTE	339	64.9989013671875	0.688052535057068	0
NOTE	340	65.3309555053711	0.498264133930206	0.2400000
NOTE	341	65.8173141479492	0.309632927179337	0
NOTE	342	66.1710586547852	0.668379366397858	0
NOTE	343	66.5288162231445	0.362866252660751	0
NOTE	344	66.8692245483398	0.639448225498199	0
NOTE	345	67.2254333496094	0.522566318511963	0.2400000
NOTE	346	67.6876373291016	0.287645250558853	0
NOTE	347	68.0437164306641	0.561912715435028	0
NOTE	348	68.3791046142578	0.417256861925125	0
NOTE	349	68.7328643798828	0.594315588474274	0
NOTE	350	69.1041793823242	0.294588685035706	0
NOTE	351	69.2058753967285	0.340299934148788	0
NOTE	352	69.3075714111328	0.386011183261871	0
NOTE	353	69.5712966918945	0.64523446559906	0
NOTE	354	69.9273834228516	0.315419167280197	0
NOTE	355	70.2711181640625	0.633661985397339	0
NOTE	356	70.6356735229492	0.489006131887436	0.2400000
NOTE	357	71.4356155395508	0.313104718923569	0
NOTE	358	71.7977066040039	0.683423578739166	0
NOTE	359	72.1305465698242	0.497106909751892	0.2400000
NOTE	360	72.4993133544922	0.299217700958252	0
NOTE	361	72.8537368774414	0.685738086700439	0
NOTE	362	73.2992553710938	0.489006161689758	0.2400000
NOTE	363	73.6804885864258	0.270286560058594	0
NOTE	364	74.0192184448242	0.676480114459991	0
NOTE	365	74.3896560668945	0.300374925136566	0
NOTE	366	74.6840057373047	0.499421387910843	0.2400000
NOTE	367	75.2137451171875	0.675322890281677	0
NOTE	368	75.5424652099609	0.286487966775894	0
NOTE	369	75.8895416259766	0.652177929878235	0
NOTE	370	76.2389450073242	0.324677139520645	0
NOTE	371	76.5977003097534	0.595472812652588	0.2022997
LINK 240 241 242 249 250 251 254 255 259
LINK 243 244 245 246 247 248 256 257 258
LINK 260 261 262 263 264 265 266 267 268
LINK 269 270 271 272 273 274 275 276 277
LINK 294 295 296
LINK 297 298 299
LINK 300 301
LINK 302 303 304
LINK 308 309 310
LINK 315 316 317
LINK 318 319 320
LINK 327 328 329
LINK 330 331 332
LINK 350 351 352
