VERSION 2
BPM 240
PAGE_SHIFT 0
PAGE_SIZE 1
NOTE	0	1.50100374221802	0.499421358108521	0.3000000
NOTE	1	2.06932640075684	0.288802474737167	0
NOTE	2	2.33630561828613	0.70541125535965	0
NOTE	3	2.58242726325989	0.281859070062637	0.3000000
NOTE	4	3.10262036323547	0.57927143573761	0.3000000
NOTE	5	4.16735792160034	0.720455467700958	0
NOTE	6	4.44685173034668	0.247141554951668	0
NOTE	7	4.72217464447021	0.689209818840027	0.2736541
NOTE	8	3.63657927513123	0.407998889684677	0.3000000
NOTE	9	5.22985315322876	0.412627905607224	0.3000000
NOTE	10	5.77632617950439	0.581585824489594	0.2195022
NOTE	11	6.31336212158203	0.269129276275635	0
NOTE	12	6.59285640716553	0.745914936065674	0
NOTE	13	6.89529371261597	0.265657544136047	0
NOTE	14	7.41340112686157	0.499421358108521	0.2532656
NOTE	15	8.47605228424072	0.65912139415741	0
NOTE	16	7.94944620132446	0.317733705043793	0
NOTE	17	8.74928951263428	0.364023476839066	0
NOTE	18	9.00100040435791	0.639448225498199	0.3000000
NOTE	19	9.5781774520874	0.457760483026505	0.3000000
NOTE	20	10.1298131942749	0.722769975662231	0
NOTE	21	10.3675928115845	0.278387248516083	0
NOTE	22	10.6262283325195	0.719298243522644	0
NOTE	23	10.8598356246948	0.286487996578217	0
NOTE	24	11.1401643753052	0.585057556629181	0.3000000
NOTE	25	11.6198930740356	0.366337984800339	0.3000000
NOTE	26	12.1423292160034	0.624404013156891	0.3000000
NOTE	27	12.647087097168	0.256399542093277	0
NOTE	28	12.903636932373	0.72508442401886	0
NOTE	29	13.1985654830933	0.395269161724954	0.3000000
NOTE	30	13.7429533004761	0.609359800815582	0.2653893
NOTE	31	14.6491718292236	0.267972022294998	0
NOTE	32	14.8952932357788	0.690367043018341	0
NOTE	33	15.684552192688	0.65217787027359	0
NOTE	34	15.1818799972534	0.406841605901718	0.3000000
NOTE	35	16.0171813964844	0.41494232416153	0
NOTE	36	16.5073394775391	0.564227163791656	0
NOTE	37	17.056734085083	0.309632927179337	0
NOTE	38	17.3278846740723	0.604730784893036	0
NOTE	39	17.6699504852295	0.316576391458511	0.3000000
NOTE	40	17.6699504852295	0.679951846599579	0.3000000
NOTE	41	18.7910041809082	0.347822040319443	0
NOTE	42	19.3111991882324	0.663750410079956	0.3000000
NOTE	43	19.8618431091309	0.328148871660233	0
NOTE	44	20.6616859436035	0.389482915401459	0
NOTE	45	20.947437286377	0.594315588474274	0
NOTE	46	20.3863658905029	0.602416306734085	0
NOTE	47	21.4300880432129	0.28185898065567	0
NOTE	48	21.9661331176758	0.641762793064117	0
NOTE	49	22.4989967346191	0.425357580184937	0
NOTE	50	23.0567321777344	0.616303265094757	0.3000000
NOTE	51	23.5531482696533	0.446188032627106	0.3000000
NOTE	52	24.0755844116211	0.637133657932281	0
NOTE	53	24.3383903503418	0.278387278318405	0
NOTE	54	24.6283149719238	0.602416336536407	0
NOTE	55	24.8577499389648	0.309632927179337	0
NOTE	56	25.1151351928711	0.597787320613861	0
NOTE	57	25.3675136566162	0.374438732862473	0
NOTE	58	25.6136360168457	0.597787320613861	0
NOTE	59	25.8701858520508	0.396426409482956	0
NOTE	60	26.1298122406006	0.719298243522644	0
NOTE	61	26.4009647369385	0.308475583791733	0
NOTE	62	26.682544708252	0.707725763320923	0
NOTE	63	26.9766387939453	0.492477864027023	0
NOTE	64	27.3070259094238	0.707725764208423	0.3000000
NOTE	65	27.3070259094238	0.307318419218063	0.3000000
NOTE	66	28.1673583984375	0.403251833410271	0
NOTE	67	28.4176502227783	0.645234458056541	0
NOTE	68	28.6971454620361	0.392954617738724	0
NOTE	69	28.9432666301727	0.591174490332458	0
NOTE	70	29.2256813049316	0.259871274232864	0
NOTE	71	29.5010051727295	0.704254031181335	0.3000000
NOTE	72	30.0422115325928	0.329306095838547	0
NOTE	73	30.5240255594254	0.535296022891998	0.3000000
NOTE	74	31.1047058105469	0.288802415132523	0
NOTE	75	31.6324062347412	0.744757652282715	0
NOTE	76	32.1590156555176	0.383696734905243	0
NOTE	77	32.4072227478027	0.593158364295959	0
NOTE	78	33.4780578613281	0.720455467700958	0
NOTE	79	33.7220993041992	0.311947405338287	0
NOTE	80	32.6616859436035	0.387168407440186	0.3000000
NOTE	81	34.2487030029297	0.601259052753448	0.3000000
NOTE	82	34.7597160339355	0.264500319957733	0
NOTE	83	35.0108463168144	0.651020646095276	0
NOTE	84	35.290340423584	0.424200353795207	0
NOTE	85	35.5281181335449	0.620166409788599	0
NOTE	86	35.7846717834473	0.459224064662765	0
NOTE	87	36.056812286377	0.714117865880816	0
NOTE	88	36.2987594604492	0.265657544136047	0
NOTE	89	36.5490570068359	0.730870701048993	0
NOTE	90	36.8285484313965	0.269129306077957	0
NOTE	91	37.6032104492188	0.714669231748253	0
NOTE	92	37.8535003662109	0.299217700958252	0
NOTE	93	38.8806915283203	0.298060446977615	0
NOTE	94	38.3613357543945	0.509836548004435	0.3000000
NOTE	95	39.4113159179688	0.683423578739166	0
NOTE	96	39.8931274414063	0.352450966835022	0
NOTE	97	40.4259948730469	0.60588812828064	0
NOTE	98	40.9453506469727	0.394111931324005	0
NOTE	99	41.4071464538574	0.637133717536926	0
NOTE	100	41.6616096496582	0.399898141622543	0
NOTE	101	41.9285888671875	0.645234405994415	0
NOTE	102	42.190299987793	0.291276696477418	0
NOTE	103	42.4343376159668	0.729713429733806	0
NOTE	104	42.6908874511719	0.263343095779419	0
NOTE	105	42.9641265869141	0.655592381954193	0
NOTE	106	43.2381935119629	0.405684322118759	0
NOTE	107	43.4989179968834	0.593158364295959	0
NOTE	108	43.7638130187988	0.372124224901199	0
NOTE	109	44.0880966186523	0.603573560714722	0.4119034
NOTE	110	44.9140625	0.359394520521164	0
NOTE	111	45.192310333252	0.63829094171524	0
NOTE	112	45.4300880432129	0.314261853694916	0
NOTE	113	45.7262687683105	0.626718461513519	0
NOTE	114	45.9577903747559	0.324677079916	0
NOTE	115	46.250789642334	0.738971471786499	0
NOTE	116	46.7138328552246	0.257556855678558	0
NOTE	117	47.2402801513672	0.590843856334686	0
NOTE	118	47.7930107116699	0.394111931324005	0
NOTE	119	48.3404769897461	0.741285920143127	0
NOTE	120	48.8473205566406	0.293431520462036	0
NOTE	121	49.1193046569824	0.642919957637787	0
NOTE	122	49.4196586608887	0.479748219251633	0.3000000
NOTE	123	50.1923866271973	0.718140959739685	0
NOTE	124	50.4531097412109	0.258713990449905	0.3000000
NOTE	125	51.0009994506836	0.60588800907135	0
NOTE	126	51.5093460083008	0.398740887641907	0
NOTE	127	51.7700691223145	0.605888068675995	0
NOTE	128	52.0734977722168	0.310790091753006	0
NOTE	129	52.3592491149902	0.710040271282196	0
NOTE	130	52.6721153259277	0.300374925136566	0
NOTE	131	52.9954109191895	0.673008382320404	0
NOTE	132	53.2507095336914	0.382539451122284	0
NOTE	133	53.5844383239746	0.623246788978577	0
NOTE	134	54.1006129086018	0.380224972963333	0.5660540
NOTE	135	55.713752746582	0.716983735561371	0
NOTE	136	55.9869918823242	0.31194743514061	0
NOTE	137	56.2612190246582	0.524880766868591	0.3000000
NOTE	138	56.7972602844238	0.303846657276154	0
NOTE	139	57.1130485534668	0.624404013156891	0.3000000
NOTE	140	57.8764419555664	0.386011213064194	0
NOTE	141	58.1381568908691	0.701939523220062	0
NOTE	142	58.3571624755859	0.25292780995369	0
NOTE	143	58.6283149719238	0.259871304035187	0
NOTE	144	58.8535766601563	0.673008382320404	0
NOTE	145	59.1464233398438	0.461232244968414	0.3000000
NOTE	146	60.5740852355957	0.256399601697922	0
NOTE	147	60.8556632995605	0.741285920143127	0
NOTE	148	61.1234781742096	0.410313372555402	0
NOTE	149	61.3675140738487	0.595472812652588	0
NOTE	150	61.6261503696442	0.422716385461248	0
NOTE	151	61.8973045349121	0.593700986259144	0
NOTE	152	62.4072227478027	0.277230024337769	0
NOTE	153	62.8827819824219	0.736656904220581	0
NOTE	154	63.1526794433594	0.38253945269072	0
NOTE	155	63.4321746826172	0.610796332359314	0
NOTE	156	63.6720390319824	0.414473475744259	0
NOTE	157	63.918155670166	0.617460489273071	0
NOTE	158	64.2090759277344	0.267972022294998	0
NOTE	159	64.4364242553711	0.734342455863953	0
NOTE	160	64.6867218017578	0.295745939016342	0.2903404
NOTE	161	65.1735382080078	0.676480114459991	0
NOTE	162	65.4426040649414	0.676480114459991	0.3000000
NOTE	163	66.2320098876953	0.383696734905243	0
NOTE	164	66.4656219482422	0.601259112358093	0
NOTE	165	66.7138366699219	0.372124195098877	0
NOTE	166	66.9411773681641	0.593158364295959	0
NOTE	167	67.2048263549805	0.292274117469788	0
NOTE	168	67.4780578613281	0.684580862522125	0.3000000
NOTE	169	68.841064453125	0.31773367524147	0
NOTE	170	69.1213912963867	0.633661925792694	0
NOTE	171	69.3842010498047	0.387168407440186	0
NOTE	172	69.6386642456055	0.61283153295517	0
NOTE	173	69.878532409668	0.398740917444229	0
NOTE	174	70.1464996337891	0.674165606498718	0
NOTE	175	70.6241455078125	0.293431520462036	0
NOTE	176	71.1693649291992	0.565384447574615	0
NOTE	177	71.4280014038086	0.376753211021423	0
NOTE	178	71.6928939819336	0.570013403892517	0
NOTE	179	71.9285888671875	0.388325691223145	0
NOTE	180	72.2069931030273	0.629032969474792	0.3000000
NOTE	181	72.747200012207	0.272601008415222	0
NOTE	182	72.9870681762695	0.713512003421783	0
NOTE	183	73.229850769043	0.36865246295929	0
NOTE	184	73.4864044189453	0.589686572551727	0
NOTE	185	73.7408676147461	0.365180760622025	0
NOTE	186	73.9744720458984	0.575799643993378	0
NOTE	187	74.2341003417969	0.259871304035187	0
NOTE	188	74.4697952270508	0.736656963825226	0
NOTE	189	74.7138290405273	0.255242258310318	0
NOTE	190	74.9870681762695	0.713512003421783	0
NOTE	191	75.2027359008789	0.419571369886398	0
NOTE	192	75.4509429931641	0.594315588474274	0
NOTE	193	75.7095794677734	0.421885848045349	0
NOTE	194	76.2549591064453	0.596630096435547	0.3000000
NOTE	195	76.7784957885742	0.342035800218582	0.2569679
NOTE	196	77.279914855957	0.581585824489594	0
NOTE	197	77.5364608764648	0.402212679386139	0
NOTE	198	78.0463790893555	0.295745939016342	0
NOTE	199	77.7763214111328	0.560755491256714	0
NOTE	200	78.2758178710938	0.73087066411972	0
NOTE	201	78.5261077880859	0.276072800159454	0
NOTE	202	78.7805709838867	0.729713439941406	0
NOTE	203	79.0358734130859	0.384853959083557	0
NOTE	204	79.2945098876953	0.585057616233826	0
NOTE	205	79.5322952270508	0.420728623867035	0
NOTE	206	79.78466796875	0.578114151954651	0
NOTE	207	80.0463790893555	0.288802415132523	0
NOTE	208	80.2820739746094	0.713512003421783	0.3000000
NOTE	209	80.7847442626953	0.323519885540009	0.2048235
NOTE	210	81.2945175170898	0.601259052753448	0
NOTE	211	81.5614852905273	0.391797423362732	0
NOTE	212	81.8013534545898	0.604730844497681	0
NOTE	213	82.04638671875	0.258714079856873	0
NOTE	214	82.290412902832	0.729713499546051	0
NOTE	215	82.5469665527344	0.273758262395859	0
NOTE	216	82.7993469238281	0.720455467700958	0
NOTE	217	83.0463027954102	0.34550753235817	0
NOTE	218	83.3070220947266	0.57927143573761	0
NOTE	219	83.5531463623047	0.336249589920044	0
NOTE	220	83.8243026733398	0.574642419815063	0
NOTE	221	84.0505523681641	0.30153214931488	0
NOTE	222	84.2841644287109	0.743600428104401	0
NOTE	223	84.5490570068359	0.277229964733124	0
NOTE	224	84.7930908203125	0.729713499546051	0
NOTE	225	85.0692443847656	0.377910494804382	0
NOTE	226	85.3153686523438	0.574642419815063	0
NOTE	227	85.5698318481445	0.382539421319962	0
NOTE	228	85.8389053344727	0.587372064590454	0
NOTE	229	86.0776748657227	0.283016204833984	0
NOTE	230	86.3258743286133	0.741285920143127	0
NOTE	231	86.6032791137695	0.274915546178818	0
NOTE	232	86.816032409668	0.742443203926086	0
NOTE	233	87.0796737670898	0.38138222694397	0
NOTE	234	87.3341445922852	0.580428600311279	0
NOTE	235	87.5823516845703	0.361709028482437	0
NOTE	236	87.8284683227539	0.585057616233826	0
NOTE	237	88.0839309692383	0.271443754434586	0
NOTE	238	88.3363037109375	0.75748735666275	0
NOTE	239	88.601203918457	0.262185841798782	0
NOTE	240	88.8264617919922	0.723927199840546	0
NOTE	241	89.1067886352539	0.388325691223145	0
NOTE	242	89.327880859375	0.579271376132965	0
NOTE	243	89.594856262207	0.407998919487	0
NOTE	244	89.8138656616211	0.592001080513	0
NOTE	245	90.0776672363281	0.280701696872711	0
NOTE	246	90.3383865356445	0.755172908306122	0
NOTE	247	90.5740814208984	0.272601038217545	0
NOTE	248	90.8348083496094	0.747072160243988	0
NOTE	249	91.0942764282227	0.418414086103439	0
NOTE	250	91.3404006958008	0.575799643993378	0
NOTE	251	91.6261444091797	0.407998889684677	0
NOTE	252	91.8451538085938	0.582743108272552	0
NOTE	253	92.3550720214844	0.266814768314362	0
NOTE	254	92.8473205566406	0.70541125535965	0
NOTE	255	93.3925399780273	0.382539451122284	0
NOTE	256	93.6449279785156	0.593158364295959	0
NOTE	257	93.8827056884766	0.411470651626587	0
NOTE	258	94.1235580444336	0.715826451778412	0
NOTE	259	94.3759307861328	0.706568539142609	0
NOTE	260	94.6032867431641	0.318890899419785	0
NOTE	261	94.8723526000977	0.317733615636826	0
NOTE	262	95.1172180175781	0.654492437839508	0
NOTE	263	95.398796081543	0.654492437839508	0
NOTE	264	95.6157150268555	0.344350308179855	0
NOTE	265	95.8701862096787	0.344350308179855	0
NOTE	266	96.1214752197266	0.666064858436584	0
NOTE	267	96.3780212402344	0.666064858436584	0.3000000
NOTE	268	96.8702621459961	0.303846657276154	0
NOTE	269	97.1297378540039	0.679951846599579	0
NOTE	270	97.3779449462891	0.286487936973572	0
NOTE	271	97.6115493774414	0.689209818840027	0
NOTE	272	97.8764419555664	0.298060446977615	0
NOTE	273	98.1548461914063	0.573485136032104	0
NOTE	274	98.4030505120754	0.406841635704041	0.3000000
NOTE	275	98.9349212646484	0.701939582824707	0
NOTE	276	99.1756210327148	0.279544532299042	0
NOTE	277	99.4405136108398	0.727398991584778	0
NOTE	278	99.7054061889648	0.278387248516083	0
NOTE	279	99.9390182495117	0.725084483623505	0
NOTE	280	100.238273620605	0.451974242925644	0
NOTE	281	100.482307434082	0.571170687675476	0.3000000
NOTE	282	101.023361206055	0.29806050658226	0
NOTE	283	101.309112548828	0.723927199840546	0
NOTE	284	101.563575744629	0.286487996578217	0
NOTE	285	101.815956115723	0.72392725944519	0
NOTE	286	102.100616455078	0.382539451122284	0
NOTE	287	102.346740722656	0.583900392055511	0
NOTE	288	102.59285736084	0.391797423362732	0.3000000
NOTE	289	103.104705810547	0.604730784893036	0.3000000
NOTE	290	104.674194335938	0.460074990987778	0.3000000
NOTE	291	103.605293273926	0.267972022294998	0
NOTE	292	103.878524780273	0.729713499546051	0
NOTE	293	104.169441223145	0.375595986843109	0
NOTE	294	104.417655944824	0.640605449676514	0
NOTE	295	105.329963684082	0.249456122517586	0
NOTE	296	105.58235168457	0.63829094171524	0.3000000
NOTE	297	106.1923828125	0.372124195098877	0.4742839
