VERSION 2
BPM 240
PAGE_SHIFT 0
PAGE_SIZE 1
NOTE	0	1.00100004673004	0.295745968818665	0.3000000
NOTE	1	1.71792447566986	0.6915243268013	0.2820755
NOTE	2	2.75346088409424	0.347822040319443	0.2423675
NOTE	3	3.77006888389587	0.611674308776855	0.2132449
NOTE	4	4.76597547531128	0.339721322059631	0.2027378
NOTE	5	5.32579851150513	0.748229444026947	0
NOTE	6	5.58652067184448	0.235569149255753	0
NOTE	7	5.86392879486084	0.763273596763611	0
NOTE	8	6.1423282623291	0.383696734905243	0
NOTE	9	6.40096426010132	0.679951786994934	0
NOTE	10	6.65960073471069	0.354765504598618	0
NOTE	11	6.88486480712891	0.669536650180817	0
NOTE	12	7.14225053787231	0.232097387313843	0
NOTE	13	7.40088653564453	0.769059836864471	0
NOTE	14	7.67412328720093	0.240198105573654	0
NOTE	15	7.93484544754028	0.747072160243988	0
NOTE	16	8.2007303237915	0.329306095838547	0
NOTE	17	8.43642330169678	0.669536650180817	0
NOTE	18	8.70131587982178	0.313104599714279	0
NOTE	19	8.96203899383545	0.674165606498718	0
NOTE	20	9.19856643676758	0.237883597612381	0
NOTE	21	9.47180271148682	0.767902612686157	0
NOTE	22	9.72626781463623	0.244827061891556	0
NOTE	23	10.0010004043579	0.669536590576172	0
NOTE	24	10.2633037567139	0.370967000722885	0
NOTE	25	10.5281972885132	0.674165606498718	0
NOTE	26	10.7910060882568	0.324677139520645	0
NOTE	27	11.0379619598389	0.765588104724884	0
NOTE	28	11.3028545379639	0.247141614556313	0
NOTE	29	11.553147315979	0.754015624523163	0
NOTE	30	11.8180418014526	0.248298838734627	0
NOTE	31	12.0672407150269	0.662593126296997	0
NOTE	32	12.3258771896362	0.340878576040268	0
NOTE	33	12.5845127105713	0.685738027095795	0
NOTE	34	12.8285493850708	0.329306066036224	0
NOTE	35	13.0838479995728	0.744757652282715	0
NOTE	36	13.3362283706665	0.239040851593018	0
NOTE	37	13.6136350631714	0.75170111656189	0
NOTE	38	13.8618431091309	0.240198194980621	0
NOTE	39	14.123556137085	0.692681550979614	0
NOTE	40	14.3884496688843	0.336249560117722	0
NOTE	41	14.6116275787354	0.714669287204742	0
NOTE	42	14.903636932373	0.326991617679596	0
NOTE	43	15.1693658828735	0.758644640445709	0
NOTE	44	15.4467735290527	0.234411865472794	0
NOTE	45	15.678295135498	0.774846076965332	0
NOTE	46	15.9369306564331	0.233254641294479	0
NOTE	47	16.1861305236816	0.675322830677032	0
NOTE	48	16.4614524841309	0.336249589920044	0
NOTE	49	16.74094581604	0.681109130382538	0
NOTE	50	16.9724675416946	0.325834333896637	0
NOTE	51	17.2194232940674	0.758644640445709	0
NOTE	52	17.4718036651611	0.248298838734627	0
NOTE	53	17.7325267791748	0.734342396259308	0
NOTE	54	18.02760887146	0.376753181219101	0
NOTE	55	18.2674751281738	0.64523446559906	0
NOTE	56	18.5261096954346	0.354765564203262	0
NOTE	57	18.7930908203125	0.640605509281158	0
NOTE	58	19.0400466918945	0.237883597612381	0
NOTE	59	19.2924251556396	0.77021712064743	0
NOTE	60	19.5531482696533	0.241355359554291	0
NOTE	61	19.813871383667	0.75748735666275	0
NOTE	62	20.0943565368652	0.417256861925125	0
NOTE	63	20.3342189788818	0.648706197738647	0
NOTE	64	20.6074562072754	0.384853959083557	0
NOTE	65	20.8348064422607	0.670693814754486	0
NOTE	66	21.1151351928711	0.235569149255753	0
NOTE	67	21.3779449462891	0.77021712064743	0
NOTE	68	21.6240653991699	0.254085004329681	0
NOTE	69	21.8785285949707	0.773688852787018	0
NOTE	70	22.1423282623291	0.352450996637344	0
NOTE	71	22.3926219940186	0.63829094171524	0
NOTE	72	22.678373336792	0.325834333896637	0
NOTE	73	22.9307518005371	0.639448225498199	0
NOTE	74	23.1860514879227	0.229782909154892	0
NOTE	75	23.4175720214844	0.763273656368256	0
NOTE	76	23.7074966430664	0.245984345674515	0
NOTE	77	23.9390182495117	0.76443088054657	0
NOTE	78	24.2195014953613	0.392954677343369	0
NOTE	79	24.4614524841309	0.699625074863434	0
NOTE	80	24.7367744445801	0.355922788381577	0
NOTE	81	25.0009994506836	0.764430820941925	0
NOTE	82	25.2611389160156	0.235569164156914	0
NOTE	83	25.5135192871094	0.764430820941925	0
NOTE	84	25.7700691223145	0.24135534465313	0
NOTE	85	26.021354675293	0.657964110374451	0
NOTE	86	26.2758197784424	0.388325691223145	0
NOTE	87	26.5344544649124	0.663750410079956	0
NOTE	88	26.7993488311768	0.365180760622025	0
NOTE	89	27.0650749206543	0.755172848701477	0
NOTE	90	27.3237133026123	0.237883597612381	0
NOTE	91	27.5760917663574	0.749386608600616	0
NOTE	92	27.8472423553467	0.252927839756012	0
NOTE	93	28.1026992797852	0.655649721622467	0
NOTE	94	28.348819732666	0.367495268583298	0
NOTE	95	28.5907707214355	0.673008322715759	0
NOTE	96	28.8306331634521	0.352451026439667	0
NOTE	97	29.123477935791	0.733185231685638	0
NOTE	98	29.386287689209	0.239040926098824	0
NOTE	99	29.6490955352783	0.750543832778931	0.3000000
NOTE	100	30.1694431304932	0.340878576040268	0
NOTE	101	30.409309387207	0.675322830677032	0
NOTE	102	30.6742014884949	0.35476553440094	0.3000000
NOTE	103	31.194393157959	0.651020646095276	0.3000000
NOTE	104	32.225757598877	0.747072100639343	0
NOTE	105	31.7033233642578	0.384853929281235	0.2737324
NOTE	106	32.480224609375	0.243669852614403	0
NOTE	107	32.7326049804688	0.748229444026947	0
NOTE	108	33.0009994506836	0.358237236738205	0
NOTE	109	33.2757377624512	0.623246788978577	0
NOTE	110	33.5218620300293	0.332777857780457	0
NOTE	111	33.7930145263672	0.627875745296478	0
NOTE	112	34.0463829040527	0.2344119399786	0
NOTE	113	34.3237915039063	0.766745328903198	0
NOTE	114	34.540714263916	0.236726433038712	0
NOTE	115	34.8202056884766	0.771374344825745	0
NOTE	116	35.0650787353516	0.333935111761093	0
NOTE	117	35.361255645752	0.673008382320404	0
NOTE	118	35.6240653991699	0.360551744699478	0
NOTE	119	35.8409843444824	0.676480114459991	0
NOTE	120	36.1068687438965	0.221682146191597	0
NOTE	121	36.3801078796387	0.765588104724884	0
NOTE	122	36.6220550537109	0.240198105573654	0
NOTE	123	36.8827781677246	0.765588164329529	0
NOTE	124	37.1756210327148	0.317733645439148	0
NOTE	125	37.4050598144531	0.685738086700439	0
NOTE	126	37.6720390319824	0.324677109718323	0
NOTE	127	37.9223289489746	0.675322830677032	0
NOTE	128	38.21533203125	0.228625640273094	0
NOTE	129	38.4322509765625	0.762116372585297	0
NOTE	130	38.7034034729004	0.232097402215004	0
NOTE	131	38.9682960510254	0.75054395198822	0
NOTE	132	39.221508026123	0.406841635704041	0
NOTE	133	39.5010070800781	0.65217787027359	0
NOTE	134	39.7512969970703	0.395269185304642	0
NOTE	135	40.0009994506836	0.694996058940887	0
NOTE	136	40.2487030029297	0.221682190895081	0
NOTE	137	40.5198554992676	0.7713742852211	0
NOTE	138	40.7951774597168	0.219367563724518	0
NOTE	139	41.052562713623	0.676480054855347	0
NOTE	140	41.327880859375	0.374438732862473	0
NOTE	141	41.5781784057617	0.67763739824295	0
NOTE	142	41.8430709838867	0.366337984800339	0
NOTE	143	42.0797576904297	0.77021712064743	0
NOTE	144	42.3550758361816	0.235569208860397	0
NOTE	145	42.5824241638184	0.767902672290802	0
NOTE	146	42.8243789672852	0.229782849550247	0
NOTE	147	43.0921897888184	0.65912139415741	0
NOTE	148	43.3570823669434	0.330463379621506	0
NOTE	149	43.6052932739258	0.671851098537445	0
NOTE	150	43.8931274414063	0.402212619781494	0
NOTE	151	44.1318995654583	0.772531628608704	0
NOTE	152	44.409309387207	0.239040866494179	0
NOTE	153	44.6345710754395	0.751701176166534	0
NOTE	154	44.911979675293	0.226311147212982	0
NOTE	155	45.1777076721191	0.694996058940887	0
NOTE	156	45.4530296325684	0.369809746742249	0
NOTE	157	45.686637878418	0.678794622421265	0
NOTE	158	45.9098167419434	0.364023506641388	0
NOTE	159	46.190299987793	0.776003301143646	0
NOTE	160	46.4635353088379	0.250613301992416	0
NOTE	161	46.7221755981445	0.752858400344849	0
NOTE	162	47.0009994506836	0.342035800218582	0
NOTE	163	47.2340240478516	0.615145981311798	0
NOTE	164	47.5114326477051	0.366338014602661	0
NOTE	165	47.7617263793945	0.63829094171524	0
NOTE	166	48.0009994506836	0.266814798116684	0
NOTE	167	48.2695579528809	0.747072160243988	0
NOTE	168	48.540714263916	0.271443754434586	0
NOTE	169	48.7826614379883	0.769059836864471	0
NOTE	170	49.0510559082031	0.365180790424347	0
NOTE	171	49.290340423584	0.633661985397339	0
NOTE	172	49.5656623840332	0.37443870306015	0
NOTE	173	49.809700012207	0.659121334552765	0
NOTE	174	50.0818405151367	0.250613361597061	0
NOTE	175	50.3571624755859	0.765588104724884	0
NOTE	176	50.5845146179199	0.236726403236389	0
NOTE	177	50.843147277832	0.773688852787018	0
NOTE	178	51.1026229858398	0.361709028482437	0
NOTE	179	51.3800277709961	0.655649662017822	0
NOTE	180	51.6157214641571	0.353608310222626	0
NOTE	181	51.8785285949707	0.663750350475311	0
NOTE	182	52.1610984802246	0.228625610470772	0
NOTE	183	52.4113922119141	0.745914876461029	0
NOTE	184	52.682544708252	0.23556911945343	0
NOTE	185	52.9244918823242	0.750543892383575	0
NOTE	186	53.2006530761719	0.333935081958771	0
NOTE	187	53.4280014038086	0.662593126296997	0
NOTE	188	53.6824645996094	0.330463349819183	0
NOTE	189	53.9536170959473	0.657964110374451	0
NOTE	190	54.2132453918457	0.227468401193619	0
NOTE	191	54.7138290405273	0.266814798116684	0
NOTE	192	54.434337168932	0.771374344825745	0
NOTE	193	55.0009994506836	0.678794622421265	0
NOTE	194	55.2507095336914	0.364023506641388	0
NOTE	195	55.4968338012695	0.674165606498718	0
NOTE	196	55.7700691223145	0.36518070101738	0
NOTE	197	56.0422134399414	0.740128695964813	0
NOTE	198	56.286247253418	0.236726447939873	0
NOTE	199	56.5573979616165	0.758644640445709	0
NOTE	200	56.8306350708008	0.25524228811264	0
NOTE	201	57.0629906952381	0.667222142219543	0
NOTE	202	57.3049430847168	0.362866252660751	0
NOTE	203	57.5614929199219	0.640605449676514	0
NOTE	204	57.8222122192383	0.399898141622543	0
NOTE	205	58.0734977722168	0.732027888298035	0
NOTE	206	58.3446502685547	0.222839489579201	0
NOTE	207	58.613712310791	0.777160584926605	0
NOTE	208	58.8702659606934	0.233254700899124	0
NOTE	209	59.1318206787109	0.654492437839508	0
NOTE	210	59.388370513916	0.386011183261871	0
NOTE	211	59.6407508850098	0.661435902118683	0
NOTE	212	59.8847846984863	0.394111901521683	0
NOTE	213	60.1569288671017	0.777160584926605	0
NOTE	214	60.4259948730469	0.228625640273094	0
NOTE	215	60.6575126647949	0.772531628608704	0
NOTE	216	61.2069091796875	0.675322830677032	0
NOTE	217	61.4551162719727	0.36402353644371	0
NOTE	218	61.7095832824707	0.686895370483398	0
NOTE	219	61.9661331176758	0.369809716939926	0
NOTE	220	60.9557762145996	0.337406814098358	0
NOTE	221	62.2278442382813	0.771374404430389	0
NOTE	222	62.4927406311035	0.226311162114143	0
NOTE	223	62.7388610839844	0.773688793182373	0
NOTE	224	63.0009994506836	0.320048183202744	0
NOTE	225	63.2611389160156	0.651020646095276	0
NOTE	226	63.5489768981934	0.323519855737686	0
NOTE	227	63.7971839904785	0.655649662017822	0
NOTE	228	64.0656585693359	0.300374925136566	0
NOTE	229	64.3488159179688	0.776003360748291	0
NOTE	230	64.5573959350586	0.266814738512039	0
NOTE	231	64.8243789672852	0.766745388507843	0
NOTE	232	65.0796813964844	0.372124224901199	0
NOTE	233	65.352912902832	0.634819209575653	0
NOTE	234	65.5969467163086	0.380224943161011	0
NOTE	235	65.855583190918	0.640605449676514	0
NOTE	236	66.1360702514648	0.222839415073395	0
NOTE	237	66.3550720214844	0.769059836864471	0
NOTE	238	66.6324844360352	0.225153863430023	0
NOTE	239	66.8723526000977	0.778317809104919	0
NOTE	240	67.1505966186523	0.338564068078995	0
NOTE	241	67.4175720214844	0.667222142219543	0
NOTE	242	67.6574325561523	0.345507562160492	0
NOTE	243	67.8952102661133	0.667222142219543	0
NOTE	244	68.1715240478516	0.228625670075417	0
NOTE	245	68.4385147094727	0.774846076965332	0
NOTE	246	68.6908874511719	0.237883597612381	0
NOTE	247	68.9432678222656	0.776003301143646	0
NOTE	248	69.23193359375	0.340878546237946	0
NOTE	249	69.4843139648438	0.65912139415741	0
NOTE	250	69.7346115112305	0.343193113803864	0
NOTE	251	70.0009994506836	0.716983795166016	0
NOTE	252	70.2570419311523	0.237883642315865	0
NOTE	253	70.5052490234375	0.743600428104401	0
NOTE	254	70.7618026733398	0.261028528213501	0
NOTE	255	71.0568542480469	0.755172848701477	0
NOTE	256	71.1850128173828	0.669536650180817	0
NOTE	257	71.3131713867188	0.587372124195099	0
NOTE	258	71.5510635375977	0.267972052097321	0
NOTE	259	71.7992706298828	0.758644640445709	0
NOTE	260	72.0401229858398	0.372124254703522	0
NOTE	261	72.3091888427734	0.676480114459991	0
NOTE	262	72.5865988731384	0.350136548280716	0
NOTE	263	72.8452301025391	0.66490763425827	0
NOTE	264	73.0838470458984	0.20663794875145	0
NOTE	265	73.3821182250977	0.779475092887878	0
NOTE	266	73.6282348632813	0.218210399150848	0
NOTE	267	73.8847808837891	0.76443088054657	0
NOTE	268	74.1131286621094	0.345507562160492	0
NOTE	269	74.3926239013672	0.698467791080475	0
NOTE	270	74.6595993041992	0.317733615636826	0
NOTE	271	74.8765258789063	0.68458080291748	0
NOTE	272	75.1631088256836	0.235569149255753	0
NOTE	273	75.4300842285156	0.777160584926605	0
NOTE	274	75.6929016113281	0.235569104552269	0
NOTE	275	75.9473648071289	0.778317809104919	0
NOTE	276	76.1715316772461	0.344350278377533	0
NOTE	277	76.4405975341797	0.657964169979095	0
NOTE	278	76.7326049804688	0.32814884185791	0
NOTE	279	76.9703826904297	0.657964169979095	0
NOTE	280	77.2235946655273	0.23904088139534	0
NOTE	281	77.494743347168	0.769059836864471	0
NOTE	282	77.7617263793945	0.243669897317886	0
NOTE	283	78.0130081176758	0.65912139415741	0
NOTE	284	78.2737350463867	0.352451056241989	0
NOTE	285	78.5135955810547	0.652177929878235	0
NOTE	286	78.8014373779297	0.326991587877274	0
NOTE	287	79.0713424682617	0.752858400344849	0
NOTE	288	79.3216323852539	0.247141599655151	0
NOTE	289	79.5573196411133	0.75170111656189	0
NOTE	290	79.8138656616211	0.240198090672493	0
NOTE	291	80.0901794433594	0.652177929878235	0
NOTE	292	80.2926177978516	0.323519825935364	0
NOTE	293	80.397834777832	0.410313308238983	0
NOTE	294	80.5030505657196	0.499421328306198	0
NOTE	295	80.8598403930664	0.626718521118164	0
NOTE	296	81.1172256469727	0.245984315872192	0
NOTE	297	81.3800277709961	0.777160584926605	0
NOTE	298	81.6344909667969	0.221682086586952	0
NOTE	299	81.8847808837891	0.760959148406982	0
NOTE	300	82.144416809082	0.345507562160492	0
NOTE	301	82.4072189331055	0.642919898033142	0
NOTE	302	82.6762847900391	0.332777827978134	0
NOTE	303	82.9286651611328	0.67185115814209	0
NOTE	304	83.1756210327148	0.233254551887512	0
NOTE	305	83.4280014038086	0.767902612686157	0
NOTE	306	83.6928939819336	0.23556911945343	0
NOTE	307	83.9640426635742	0.760959148406982	0
NOTE	308	84.2132415771484	0.394111901521683	0
NOTE	309	84.4906539916992	0.670693874359131	0
NOTE	310	84.7263488769531	0.370966970920563	0
NOTE	311	85.0009994506836	0.741285920143127	0
NOTE	312	85.2757415771484	0.242512628436089	0
NOTE	313	85.5093536376953	0.703096747398376	0
NOTE	314	85.7804946899414	0.232097402215004	0
NOTE	315	86.0234375	0.704254031181335	0
NOTE	316	86.288330078125	0.37791046500206	0
NOTE	317	86.5469665527344	0.682266354560852	0
NOTE	318	86.841064453125	0.396426409482956	0
NOTE	319	87.0775909423828	0.767902612686157	0
NOTE	320	87.3132858276367	0.233254611492157	0
NOTE	321	87.6074981689453	0.771374344825745	0
NOTE	322	87.7325248718262	0.674165606498718	0
NOTE	323	87.8617248535156	0.575799643993378	0
NOTE	324	88.0839309692383	0.235569149255753	0
NOTE	325	88.3509063720703	0.760959148406982	0
NOTE	326	88.6011962890625	0.247141554951668	0.3000000
NOTE	327	89.1505889892578	0.699625015258789	0.3000000
NOTE	328	89.6240615844727	0.339721322059631	0.3000000
NOTE	329	90.1569290161133	0.692681610584259	0.3000000
NOTE	330	90.6762847900391	0.366337954998016	0.2799115
NOTE	331	91.2089920043945	0.736656963825226	0
NOTE	332	91.4551162719727	0.239040851593018	0
NOTE	333	91.6970672607422	0.742443144321442	0
NOTE	334	92.2361907958984	0.676480114459991	0
NOTE	335	92.4781341552734	0.314261913299561	0
NOTE	336	92.7305145263672	0.661435902118683	0
NOTE	337	93.0009994506836	0.269129306077957	0
NOTE	338	91.9990005493164	0.354765504598618	0
NOTE	339	93.2444534301758	0.741285920143127	0
NOTE	340	93.5239486694336	0.25524228811264	0
NOTE	341	93.7700653076172	0.748229384422302	0
NOTE	342	94.0630722045898	0.346664786338806	0
NOTE	343	94.3008499145508	0.598944544792175	0
NOTE	344	94.5469741821289	0.383696705102921	0
NOTE	345	94.7951812744141	0.626718461513519	0
NOTE	346	95.0755081176758	0.250613391399384	0
NOTE	347	95.3404006958008	0.792204737663269	0
NOTE	348	95.61572265625	0.243669897317886	0
NOTE	349	95.8430709838867	0.776003301143646	0
NOTE	350	96.0964431762695	0.383696705102921	0
NOTE	351	96.3613357543945	0.657964110374451	0
NOTE	352	96.6199722290039	0.374438732862473	0
NOTE	353	96.8827819824219	0.654492378234863	0
NOTE	354	97.1505889892578	0.218210384249687	0
NOTE	355	97.4092330932617	0.760959088802338	0
NOTE	356	97.6678695678711	0.243669793009758	0
NOTE	357	97.9411010742188	0.766745328903198	0
NOTE	358	98.1819534301758	0.390640199184418	0
NOTE	359	98.4614562988281	0.65912139415741	0
NOTE	360	98.7075729370117	0.369809746742249	0
NOTE	361	98.9662094116211	0.675322830677032	0
NOTE	362	99.4571990966797	0.338564068078995	0.3000000
NOTE	363	100.240364074707	0.735499680042267	0
NOTE	364	100.76806640625	0.271443784236908	0
NOTE	365	101.033790588379	0.686895310878754	0
NOTE	366	101.28825378418	0.374438732862473	0
NOTE	367	101.548980712891	0.690367043018341	0
NOTE	368	101.795104980469	0.380224943161011	0
NOTE	369	102.060981750488	0.758644580841064	0
NOTE	370	102.32795715332	0.235569104552269	0
NOTE	371	102.590766906738	0.749386668205261	0
NOTE	372	102.828552246094	0.229782909154892	0
NOTE	373	103.098449707031	0.629032969474792	0
NOTE	374	103.359169006348	0.351293742656708	0
NOTE	375	103.611549377441	0.649863421916962	0
NOTE	376	103.872276306152	0.418414086103439	0
NOTE	377	104.123558044434	0.763273596763611	0
NOTE	378	104.413482666016	0.22746841609478	0
NOTE	379	104.622062683105	0.765588104724884	0
NOTE	380	104.893203735352	0.240198120474815	0
NOTE	381	105.161018371582	0.663750410079956	0
NOTE	382	105.428009033203	0.321205377578735	0
NOTE	383	105.676216125488	0.683423578739166	0
NOTE	384	105.939018249512	0.332777857780457	0
NOTE	385	106.202812194824	0.770217061042786	0
NOTE	386	106.480224609375	0.239040821790695	0
NOTE	387	106.705490112305	0.772531628608704	0
NOTE	388	106.968295931816	0.230940163135529	0
NOTE	389	107.229850769043	0.649863421916962	0
NOTE	390	107.484321594238	0.390640169382095	0
NOTE	391	107.740867614746	0.660278677940369	0
NOTE	392	108.021354675293	0.259871333837509	0
NOTE	393	108.275817871094	0.759801924228668	0
NOTE	394	108.51985168457	0.252927869558334	0
NOTE	395	108.788925170898	0.763273656368256	0
NOTE	396	109.048393249512	0.352450996637344	0
NOTE	397	109.309104919434	0.679951846599579	0
NOTE	398	109.548980712891	0.359394520521164	0
NOTE	399	109.82430267334	0.662593126296997	0
NOTE	400	110.077667236328	0.237883642315865	0
NOTE	401	110.344650268555	0.766745328903198	0
NOTE	402	110.603286743164	0.229782894253731	0
NOTE	403	110.847320556641	0.780632317066193	0
NOTE	404	111.108879089355	0.370966970920563	0
NOTE	405	111.380027770996	0.671851098537445	0
NOTE	406	111.630321919918	0.362866282463074	0
NOTE	407	111.878532409668	0.662593126296997	0
NOTE	408	112.146499633789	0.22515395283699	0
NOTE	409	112.41764831543	0.758644640445709	0
NOTE	410	112.676284790039	0.233254596590996	0
NOTE	411	112.920318603516	0.754015684127808	0
NOTE	412	113.18187713623	0.361708998680115	0
NOTE	413	113.45719909668	0.674165606498718	0
NOTE	414	113.694984436035	0.370966970920563	0
NOTE	415	113.951530456543	0.662593126296997	0
NOTE	416	114.225761413574	0.234411850571632	0
NOTE	417	114.465629577637	0.77021712064743	0
NOTE	418	114.722175598145	0.245984330773354	0
NOTE	419	115.000999450684	0.633661985397339	0
NOTE	420	115.250709533691	0.323519855737686	0
NOTE	421	115.515602111816	0.629032969474792	0
NOTE	422	115.776321411133	0.331620573997498	0
NOTE	423	116.027610778809	0.723927199840546	0
NOTE	424	116.284156799316	0.235569104552269	0
NOTE	425	116.565742492676	0.733185231685638	0
NOTE	426	116.791000366211	0.230940103530884	0
NOTE	427	117.309112548828	0.649863481521606	0
NOTE	428	117.569831848145	0.365180790424347	0
NOTE	429	117.826385498047	0.667222142219543	0
NOTE	430	118.081840515137	0.24714158475399	0
NOTE	431	118.348815917969	0.755172908306122	0
NOTE	432	118.632484436035	0.243669882416725	0
NOTE	433	118.866096496582	0.719298183917999	0
NOTE	434	119.127655029297	0.346664845943451	0
NOTE	435	119.382118225098	0.653335154056549	0
NOTE	436	119.630325317383	0.347822070121765	0
NOTE	437	119.888961791992	0.649863421916962	0
NOTE	438	120.142333984375	0.257556885480881	0
NOTE	439	120.411399841309	0.75170111656189	0
NOTE	440	120.678375244141	0.285330653190613	0.3000000
NOTE	441	121.18187713623	0.728556215763092	0
NOTE	442	121.444686889648	0.270286530256271	0
NOTE	443	121.701240539551	0.743600428104401	0
NOTE	444	121.970306396484	0.283016294240952	0
NOTE	445	122.227845281363	0.660278677940369	0
NOTE	446	122.465621948242	0.320048153400421	0
NOTE	447	122.736778259277	0.627875745296478	0.2611395
NOTE	448	123.273658752441	0.227468401193619	0
NOTE	449	123.561485290527	0.762116372585297	0
NOTE	450	123.770072937012	0.234411835670471	0
NOTE	451	124.038040161133	0.654492437839508	0
NOTE	452	124.315444946289	0.411470621824265	0
NOTE	453	124.54280090332	0.656806945800781	0
NOTE	454	124.816032409668	0.345507591962814	0
NOTE	455	125.060905456543	0.760959088802338	0
NOTE	456	125.325798034668	0.242512598633766	0
NOTE	457	125.609466552734	0.74475771188736	0
NOTE	458	125.832641601563	0.23094017803669	0
NOTE	459	126.102699279785	0.67879456281662	0
NOTE	460	126.382194519043	0.370966970920563	0
NOTE	461	126.636657714844	0.670693933963776	0
NOTE	462	126.874435424805	0.355922788381577	0
NOTE	463	127.125564575195	0.760959148406982	0
NOTE	464	127.400894165039	0.23788358271122	0
NOTE	465	127.655349731445	0.755172908306122	0
NOTE	466	127.934844970703	0.251770585775375	0
NOTE	467	128.179870605469	0.652177929878235	0
NOTE	468	128.425994038582	0.376753211021423	0
NOTE	469	128.692977905273	0.664907693862915	0
NOTE	470	128.972457885742	0.37791046500206	0
NOTE	471	129.238189697266	0.750543892383575	0
NOTE	472	129.461364746094	0.24135534465313	0
NOTE	473	129.745040893555	0.765588104724884	0
NOTE	474	130.001007080078	0.383696705102921	0
NOTE	475	130.257049560547	0.622089505195618	0
NOTE	476	130.51985168457	0.338564038276672	0
NOTE	477	130.784744262695	0.640605449676514	0
NOTE	478	131.031707763672	0.237883597612381	0
NOTE	479	131.294494628906	0.760959148406982	0
NOTE	480	131.571914672852	0.24829888343811	0
NOTE	481	131.81803894043	0.755172908306122	0
NOTE	482	132.060983181	0.367495238780975	0
NOTE	483	132.336303710938	0.633661985397339	0
NOTE	484	132.603286743164	0.33509236574173	0
NOTE	485	132.84106361866	0.624404013156891	0
NOTE	486	133.11930847168	0.226311132311821	0
NOTE	487	133.352905273438	0.772531628608704	0
NOTE	488	133.603210449219	0.255242347717285	0
NOTE	489	133.872268676758	0.771374344825745	0
NOTE	490	134.121459960938	0.329306125640869	0
NOTE	491	134.382186889648	0.651020705699921	0.3000000
NOTE	492	134.886947631836	0.310790151357651	0
NOTE	493	135.17561340332	0.641762733459473	0.3000000
NOTE	494	135.674118041992	0.256399571895599	0
NOTE	495	135.934844970703	0.754015624523163	0
NOTE	496	136.188215523958	0.361708998680115	0.3000000
NOTE	497	136.703399658203	0.607045292854309	0.2966003
NOTE	498	137.246536254883	0.323519885540009	0.3000000
NOTE	499	137.75129699707	0.721612751483917	0.2487030
NOTE	500	138.257049560547	0.369809716939926	0
NOTE	501	138.49690246582	0.678794622421265	0
NOTE	502	138.784747600555	0.364023476839066	0
NOTE	503	139.042129516602	0.754015624523163	0
NOTE	504	139.321626961231	0.248298823833466	0.3000000
NOTE	505	139.832642197609	0.745914936065674	0
NOTE	506	140.077667236328	0.353608280420303	0
NOTE	507	140.32795715332	0.648706197738647	0
NOTE	508	140.590774536133	0.339721322059631	0
NOTE	509	140.845230102539	0.646391689777374	0
NOTE	510	141.117218017578	0.244827061891556	0
NOTE	511	141.872283935547	0.248298808932304	0
NOTE	512	141.36750793457	0.723927199840546	0.3000000
NOTE	513	142.129806518555	0.756330132484436	0
NOTE	514	142.407222062349	0.295745939016342	0
NOTE	515	142.663757324219	0.541082203388214	0.3000000
NOTE	516	143.183959960938	0.285330772399902	0
NOTE	517	143.465545654297	0.711197555065155	0.3000000
NOTE	518	143.949447631836	0.288802415132523	0
NOTE	519	144.22575378418	0.67763739824295	0
NOTE	520	144.457275390625	0.379067718982697	0.3000000
NOTE	521	145.001007080078	0.598944544792175	0.3000000
NOTE	522	145.513519287109	0.421885818243027	0.3000000
NOTE	523	146.01301574707	0.626718521118164	0.3000000
NOTE	524	146.534454345703	0.244827046990395	0
NOTE	525	146.811859130859	0.762116372585297	0
NOTE	526	147.065063476563	0.367495238780975	0
NOTE	527	147.317459106445	0.668379426002502	0
NOTE	528	147.557327270508	0.384854018688202	0
NOTE	529	147.782699584961	0.72508442401886	0
NOTE	530	147.98698425293	0.592001080513	0
NOTE	531	148.344635009766	0.243669837713242	0
NOTE	532	148.603286743164	0.747072160243988	0.3000000
NOTE	533	149.11930847168	0.259871304035187	0.3000000
NOTE	534	149.651184082031	0.52025181055069	0.3000000
NOTE	535	150.18196105957	0.269129276275635	0
NOTE	536	150.442687988281	0.759801924228668	0
NOTE	537	150.674201488495	0.256399571895599	0
NOTE	538	150.9599609375	0.762116372585297	0
NOTE	539	151.44677734375	0.377910435199738	0
NOTE	540	151.711669921875	0.655649721622467	0
NOTE	541	152.217422485352	0.264500290155411	0
NOTE	542	152.478149414063	0.755172848701477	0
NOTE	543	152.732604980469	0.252927780151367	0
NOTE	544	153.265319824219	0.657964169979095	0
NOTE	545	153.53645324707	0.296903133392334	0
NOTE	546	153.780487060547	0.654492437839508	0
NOTE	547	154.300842285156	0.262185871601105	0
NOTE	548	154.557403564453	0.772531628608704	0
NOTE	549	154.813949584961	0.243669837713242	0
NOTE	550	155.098449707031	0.654492378234863	0
NOTE	551	155.336227416992	0.351293802261353	0.3000000
NOTE	552	155.843078613281	0.634819209575653	0
NOTE	553	156.37385559082	0.242512568831444	0
NOTE	554	156.628326416016	0.757487416267395	0
NOTE	555	156.878616333008	0.239040851593018	0
NOTE	556	157.407135009766	0.662593185901642	0
NOTE	557	157.686630249023	0.332777827978134	0
NOTE	558	157.918167114258	0.666064858436584	0
NOTE	559	158.419738769531	0.257556825876236	0
NOTE	560	158.670028686523	0.754015624523163	0
NOTE	561	158.964124441147	0.240198075771332	0
NOTE	562	159.48014831543	0.690367102622986	0.3000000
NOTE	563	160.001007080078	0.322362631559372	0.3000000
NOTE	564	160.49690246582	0.699625015258789	0
NOTE	565	160.791015625	0.296903252601624	0
NOTE	566	161.561492919922	0.362866252660751	0.3000000
NOTE	567	161.021270751953	0.657964110374451	0.3000000
NOTE	568	162.044296264648	0.648706138134003	0.3000000
NOTE	569	162.578262329102	0.340878576040268	0.3000000
NOTE	570	163.129745483398	0.662593126296997	0
NOTE	571	163.338302612305	0.280701726675034	0
NOTE	572	163.630325317383	0.661435902118683	0
NOTE	573	163.847244262695	0.280701786279678	0
NOTE	574	164.115203857422	0.642919957637787	0
NOTE	575	164.396774291992	0.362866252660751	0
NOTE	576	164.663772583008	0.642919957637787	0
NOTE	577	164.939086914063	0.364023476839066	0
NOTE	578	165.156845092773	0.767902612686157	0
NOTE	579	165.423828125	0.235569104552269	0
NOTE	580	165.690811157227	0.763273596763611	0
NOTE	581	165.913986206055	0.235569149255753	0
NOTE	582	166.223678588867	0.642920017242432	0
NOTE	583	166.453109741211	0.379067718982697	0.3000000
NOTE	584	167.24446105957	0.767902612686157	0
NOTE	585	167.498916625977	0.223996683955193	0
NOTE	586	167.749206542969	0.767902612686157	0
NOTE	587	168.001007080078	0.258714020252228	0
NOTE	588	168.782669067383	0.243669793009758	0
NOTE	589	168.267471313477	0.624404013156891	0.3000000
NOTE	590	169.044219970703	0.634819209575653	0
NOTE	591	169.828460693359	0.713512003421783	0
NOTE	592	169.292434692383	0.34782201051712	0.3000000
NOTE	593	170.330047607422	0.44387349486351	0.3000000
NOTE	594	171.11930847168	0.594315588474274	0.3000000
NOTE	595	171.884780883789	0.307318449020386	0
NOTE	596	172.175689697266	0.663750410079956	0
NOTE	597	172.409317016602	0.346664786338806	0
NOTE	598	172.703399658203	0.663750410079956	0
NOTE	599	173.177703857422	0.266814798116684	0
NOTE	600	173.436340332031	0.756330132484436	0
NOTE	601	173.945266723633	0.280701726675034	0
NOTE	602	174.480224609375	0.647548913955688	0.3000000
NOTE	603	175.2548828125	0.322362661361694	0.3000000
NOTE	604	175.780502319336	0.760959148406982	0
NOTE	605	176.046371459961	0.288802415132523	0
NOTE	606	176.284164428711	0.63829094171524	0
NOTE	607	176.52611130476	0.3084756731987	0.3000000
NOTE	608	177.052551269531	0.603573560714722	0.3000000
NOTE	609	177.561477661133	0.23788358271122	0.3000000
NOTE	610	178.096435546875	0.738971471786499	0
NOTE	611	178.352996826172	0.352450996637344	0
NOTE	612	178.60954284668	0.729713439941406	0.3000000
NOTE	613	179.375854492188	0.35129377245903	0
NOTE	614	179.62825012207	0.667222142219543	0.3000000
NOTE	615	180.161102294922	0.357080042362213	0.3000000
NOTE	616	180.657516479492	0.620932281017303	0.3000000
NOTE	617	181.208984375	0.254085063934326	0
NOTE	618	181.475967407227	0.745914936065674	0
NOTE	619	181.717926025391	0.242512598633766	0
NOTE	620	181.957778930664	0.748229384422302	0
NOTE	621	182.232025146484	0.359394520521164	0
NOTE	622	182.501083374023	0.692681610584259	0
NOTE	623	182.774337768555	0.329306095838547	0
NOTE	624	183.001007080078	0.760959148406982	0
NOTE	625	183.279907226563	0.23441182076931	0
NOTE	626	183.515609741211	0.769059896469116	0
NOTE	627	183.776321411133	0.235569134354591	0
NOTE	628	184.038040161133	0.68458080291748	0
NOTE	629	184.300857543945	0.375595986843109	0
NOTE	630	184.544891357422	0.667222142219543	0
NOTE	631	184.822296142578	0.36170905828476	0
NOTE	632	185.077590942383	0.742443203926086	0.3000000
NOTE	633	185.594863891602	0.270286500453949	0
NOTE	634	185.845153808594	0.712354779243469	0
NOTE	635	186.346740722656	0.387168437242508	0.3000000
NOTE	636	186.941177368164	0.639448165893555	0
NOTE	637	187.644912719727	0.52025181055069	0.3000000
NOTE	638	188.171539306641	0.251770555973053	0
NOTE	639	188.446838378906	0.766745388507843	0
NOTE	640	188.709655761719	0.235569149255753	0
NOTE	641	188.949523925781	0.764430820941925	0
NOTE	642	189.227767020464	0.419571340084076	0.3000000
NOTE	643	189.734619140625	0.65912139415741	0
NOTE	644	190.001007080078	0.330463349819183	0.4989929
NOTE	645	190.759719848633	0.623246729373932	0.2048235
NOTE	646	191.27783203125	0.350136578083038	0.3000000
NOTE	647	192.054733276367	0.67763739824295	0
NOTE	648	192.319619446993	0.345507562160492	0
NOTE	649	192.592849731445	0.654492378234863	0
NOTE	650	192.832720518112	0.313104629516602	0
NOTE	651	193.106796264648	0.743600428104401	0.3000000
NOTE	652	193.603210449219	0.284173458814621	0.3000000
NOTE	653	194.173629760742	0.698467791080475	0.3000000
NOTE	654	194.649169921875	0.281859010457993	0.3000000
NOTE	655	195.156860351563	0.654492437839508	0.3000000
NOTE	656	195.686630249023	0.394111961126328	0.3000000
NOTE	657	196.188217163086	0.73781418800354	0.3000000
NOTE	658	196.699234008789	0.26912933588028	0.2089950
NOTE	659	197.242370605469	0.667222142219543	0.3000000
NOTE	660	197.738784790039	0.259871304035187	0
NOTE	661	198.001007080078	0.68458080291748	0
NOTE	662	198.284164428711	0.362866252660751	0
NOTE	663	198.51985168457	0.683423578739166	0.3000000
NOTE	664	199.534378051758	0.51330828666687	0.3000000
NOTE	665	200.077667236328	0.258714077064106	0
NOTE	666	200.34880065918	0.73781418800354	0
NOTE	667	200.571990966797	0.25292780995369	0.3000000
NOTE	668	201.10888671875	0.730870723724365	0
NOTE	669	201.363342285156	0.517937302589417	0.3000000
NOTE	670	201.886871337891	0.273758292198181	0
NOTE	671	202.163192749023	0.696153283119202	0.5034739
NOTE	672	203.186050415039	0.280701756477356	0
NOTE	673	203.425918579102	0.75170111656189	0.3000000
NOTE	674	203.936935424805	0.294588685035706	0
NOTE	675	204.21533203125	0.655649602413177	0
NOTE	676	204.469787597656	0.333935081958771	0
NOTE	677	204.732604980469	0.655649662017822	0
NOTE	678	205.234024047852	0.243669882416725	0
NOTE	679	205.507263183594	0.741285920143127	0.3000000
NOTE	680	206.048477172852	0.339721322059631	0
NOTE	681	206.288330078125	0.571170687675476	0.3000000
NOTE	682	207.077590942383	0.25524228811264	0
NOTE	683	207.290328979492	0.769059896469116	0
NOTE	684	207.548965454102	0.247141540050507	0
NOTE	685	207.828475952148	0.778317809104919	0
NOTE	686	208.342559814453	0.350136518478394	0
NOTE	687	208.617889404297	0.647548973560333	0
NOTE	688	208.876525878906	0.351293802261353	0
NOTE	689	209.359176635742	0.778317868709564	0
NOTE	690	209.609466552734	0.239040866494179	0
NOTE	691	210.165267944336	0.619774997234344	0
NOTE	692	210.415557861328	0.335092276334763	0
NOTE	693	210.684631347656	0.601259052753448	0.3000000
NOTE	694	211.211074829102	0.342035800218582	0.3000000
NOTE	695	211.688735961914	0.620932281017303	0.2799897
NOTE	696	212.206985473633	0.249456092715263	0
NOTE	697	212.480224609375	0.751701176166534	0
NOTE	698	212.7451171875	0.23904088139534	0
NOTE	699	213.001007080078	0.610517084598541	0
NOTE	700	213.2548828125	0.368652522563934	0
NOTE	701	213.536468505859	0.615146040916443	0
NOTE	702	213.767990112305	0.368652492761612	0
NOTE	703	214.001007080078	0.769059896469116	0
NOTE	704	214.296676635742	0.232097432017326	0
NOTE	705	214.551147460938	0.757487416267395	0
NOTE	706	214.816024780273	0.232097327709198	0
NOTE	707	215.117233276367	0.630190253257751	0
NOTE	708	215.344573974609	0.369809716939926	0
NOTE	709	215.603210449219	0.637133717536926	0
NOTE	710	215.845153808594	0.366338014602661	0
NOTE	711	216.138168334961	0.759801864624023	0
NOTE	712	216.361328125	0.232097387313843	0
NOTE	713	216.617874145508	0.755172848701477	0
NOTE	714	216.884864926338	0.237883597612381	0
NOTE	715	217.135986328125	0.627875745296478	0
NOTE	716	217.415481567383	0.348979264497757	0
NOTE	717	217.663696289063	0.639448225498199	0
NOTE	718	217.916076660156	0.347822070121765	0
NOTE	719	218.171524047852	0.756330132484436	0
NOTE	720	218.44268026948	0.249456077814102	0
NOTE	721	218.686706542969	0.763273596763611	0
NOTE	722	218.966217041016	0.242512628436089	0
NOTE	723	219.23193359375	0.616303265094757	0
NOTE	724	219.465545654297	0.365180760622025	0
NOTE	725	219.745040893555	0.634819269180298	0
NOTE	726	220.001007080078	0.332777798175812	0.3000000
NOTE	727	220.498992919922	0.763273596763611	0
NOTE	728	220.772232055664	0.24019818007946	0
NOTE	729	221.027542114258	0.608202576637268	0
NOTE	730	221.284088134766	0.365180730819702	0
NOTE	731	221.542709350586	0.613988757133484	0
NOTE	732	221.786758422852	0.374438762664795	0
NOTE	733	222.067245483398	0.65217787027359	0.3000000
NOTE	734	222.572006225586	0.490163385868073	0.3000000
NOTE	735	223.090105801821	0.263343095779419	0.3000000
NOTE	736	223.609464168549	0.756330072879791	0.3000000
NOTE	737	224.382186889648	0.239040896296501	0
NOTE	738	224.624145507813	0.774846076965332	0
NOTE	739	224.907806396484	0.237883672118187	0
NOTE	740	225.17561340332	0.640605449676514	0
NOTE	741	225.419662475586	0.398740887641907	0
NOTE	742	225.69499206543	0.632504761219025	0
NOTE	743	225.918151855469	0.394111931324005	0
NOTE	744	226.232025146484	0.76443088054657	0
NOTE	745	226.467712402344	0.248298868536949	0
NOTE	746	226.71174621582	0.756330192089081	0
NOTE	747	226.982894897461	0.241355359554291	0
NOTE	748	227.782592773438	0.256399601697922	0
NOTE	749	227.2548828125	0.588529348373413	0.3000000
NOTE	750	228.001007080078	0.714669167995453	0
NOTE	751	228.250793457031	0.499421387910843	0.3000000
NOTE	752	228.797256469727	0.236726298928261	0
NOTE	753	229.065078735352	0.656806945800781	0
NOTE	754	229.304946899414	0.359394490718842	0
NOTE	755	229.557312011719	0.661435902118683	0
NOTE	756	229.828475952148	0.379067748785019	0
NOTE	757	230.077667236328	0.759801864624023	0
NOTE	758	230.325881958008	0.23094017803669	0
NOTE	759	230.584518432617	0.754015684127808	0
NOTE	760	230.855667114258	0.251770585775375	0
NOTE	761	231.115142822266	0.629033029079437	0
NOTE	762	231.365432739258	0.360551774501801	0
NOTE	763	231.628234863281	0.631347477436066	0
NOTE	764	231.891036987305	0.357080042362213	0
NOTE	765	232.9140625	0.234411880373955	0
NOTE	766	233.169372558594	0.634819209575653	0
NOTE	767	233.459289550781	0.339721322059631	0
NOTE	768	232.388458251953	0.736656904220581	0.3000000
NOTE	769	233.686637878418	0.634819209575653	0.3000000
NOTE	770	234.213241577148	0.263343036174774	0
NOTE	771	234.476058959961	0.759801864624023	0.3000000
NOTE	772	235.001007080078	0.274915486574173	0
NOTE	773	235.267395019531	0.554969191551209	0.3000000
NOTE	774	236.0234375	0.245984315872192	0
NOTE	775	236.290405273438	0.765588104724884	0
NOTE	776	236.536544799805	0.242512583732605	0.3000000
NOTE	777	237.056732177734	0.662593185901642	0
NOTE	778	237.323715209961	0.35129377245903	0
NOTE	779	237.578170776367	0.655649721622467	0
NOTE	780	237.826385498047	0.361708998680115	0
NOTE	781	238.334213256836	0.756330132484436	0
NOTE	782	238.601196289063	0.26565757393837	0.3000000
NOTE	783	239.133895874023	0.635976493358612	0
NOTE	784	239.39045715332	0.425357609987259	0.3000000
NOTE	785	240.146499633789	0.661435902118683	0
NOTE	786	240.411392211914	0.34087860584259	0
NOTE	787	240.68879699707	0.644077181816101	0
NOTE	788	241.206909179688	0.248298838734627	0
NOTE	789	241.444686889648	0.754015624523163	0
NOTE	790	241.715835571289	0.234411880373955	0
NOTE	791	241.959884643555	0.759801864624023	0
NOTE	792	242.482299804688	0.33162060379982	0
NOTE	793	242.776404500008	0.646391689777374	0
NOTE	794	243.273651123047	0.245984345674515	0.3000000
NOTE	795	243.757553100586	0.758644640445709	0.2424469
NOTE	796	244.311264038086	0.366338014602661	0.3000000
NOTE	797	244.793090820313	0.616303265094757	0.1943946
NOTE	798	245.588729858398	0.222839370369911	0
NOTE	799	245.909820556641	0.390640139579773	0
NOTE	800	246.363418579102	0.748229444026947	0.3000000
NOTE	801	246.884857177734	0.305003941059113	0
NOTE	802	247.400894165039	0.505207538604736	0.3000000
NOTE	803	247.905654907227	0.301532208919525	0
NOTE	804	248.44268026948	0.71814090013504	0.3000000
NOTE	805	248.97038269043	0.313104629516602	0
NOTE	806	249.467636108398	0.71119749546051	0
NOTE	807	249.724182128906	0.355922758579254	0
NOTE	808	250.001007080078	0.776003360748291	0
NOTE	809	250.250788807869	0.221682161092758	0.3000000
NOTE	810	250.76806640625	0.744757652282715	0
NOTE	811	251.530197143555	0.66490763425827	0
NOTE	812	251.815948486328	0.359394550323486	0
NOTE	813	251.02961730957	0.346664786338806	0.3000000
NOTE	814	252.081848144531	0.756330132484436	0
NOTE	815	252.325881958008	0.244827106595039	0
NOTE	816	252.559478759766	0.742443144321442	0
NOTE	817	252.822280883789	0.244827106595039	0
NOTE	818	253.098449707031	0.642919957637787	0
NOTE	819	253.352920532227	0.361709028482437	0
NOTE	820	253.609466552734	0.63829094171524	0
NOTE	821	253.859756469727	0.376753211021423	0
NOTE	822	254.11311340332	0.769059896469116	0
NOTE	823	254.38427734375	0.249456077814102	0.3000000
NOTE	824	254.878601074219	0.721612691879272	0
NOTE	825	255.152679443359	0.364023476839066	0.3000000
NOTE	826	255.665786743164	0.706568539142609	0.3000000
NOTE	827	256.188201904297	0.389482885599136	0.3000000
NOTE	828	256.697143554688	0.749386608600616	0.3000000
NOTE	829	257.484313964844	0.236726388335228	0
NOTE	830	257.747131347656	0.76443088054657	0
NOTE	831	258.001007080078	0.366338014602661	0
NOTE	832	258.261199951172	0.632504761219025	0
NOTE	833	258.513580322266	0.498264104127884	0.3000000
NOTE	834	259.052551269531	0.248298823833466	0
NOTE	835	259.30911231041	0.759801805019379	0.3000000
NOTE	836	259.805541992188	0.261028528213501	0
NOTE	837	260.0693359375	0.734342455863953	0
NOTE	838	260.338409423828	0.506364822387695	0.3000000
NOTE	839	260.907806396484	0.236726373434067	0
NOTE	840	261.181879937649	0.740128695964813	0
NOTE	841	261.44468781352	0.299217700958252	0.3000000
NOTE	842	262.594940185547	0.71814101934433	0.3000000
NOTE	843	263.223602294922	0.301532208919525	0.3000000
NOTE	844	264.221649169922	0.358237326145172	0
NOTE	845	263.847259521484	0.654492378234863	0
NOTE	846	264.494812011719	0.679951846599579	0
NOTE	847	264.822296142578	0.333935111761093	0
NOTE	848	265.133911132813	0.693838834762573	0.3000000
NOTE	849	265.732513427734	0.346664845943451	0.2674866
LINK 255 256 257
LINK 292 293 294
LINK 321 322 323
LINK 529 530
LINK 798 799
