VERSION 2
BPM 240
PAGE_SHIFT 0
PAGE_SIZE 1
NOTE	0	1.50726103782654	0.207795217633247	0
NOTE	1	1.78466928005219	0.800305485725403	0
NOTE	2	2.0505542755127	0.345507562160492	0
NOTE	3	2.31127643585205	0.582743167877197	0.3000000
NOTE	4	2.8681788444519	0.338564187288284	0
NOTE	5	3.41131544113159	0.767902553081512	0.3000000
NOTE	6	3.9494457244873	0.289959698915482	0
NOTE	7	4.513596534729	0.50636488199234	0.3000000
NOTE	8	5.05881929397583	0.261028528213501	0.3000000
NOTE	9	5.59486389160156	0.674165606498718	0.3000000
NOTE	10	6.1423282623291	0.266814887523651	0.3000000
NOTE	11	6.67628717422485	0.679951846599579	0.3000000
NOTE	12	7.24445343017578	0.219367704953886	0
NOTE	13	7.5093469619751	0.781789541244507	0
NOTE	14	7.78049802780151	0.219367704953886	0
NOTE	15	8.04429721832275	0.669536650180817	0
NOTE	16	8.33004856109619	0.342035800218582	0
NOTE	17	8.59285640716553	0.669536650180817	0
NOTE	18	8.87652206420898	0.342035800218582	0
NOTE	19	9.41131591796875	0.495949625968933	0.3000000
NOTE	20	10.2257595062256	0.20663794875145	0
NOTE	21	10.4969100952148	0.791047513484955	0
NOTE	22	10.7784900665283	0.20663794875145	0
NOTE	23	11.0296182632446	0.661435842514038	0
NOTE	24	11.3278846740723	0.337406843900681	0
NOTE	25	11.5990352630615	0.667222142219543	0
NOTE	26	11.8660144805908	0.342035859823227	0
NOTE	27	12.1402425765991	0.788733005523682	0
NOTE	28	12.4218225479126	0.215895891189575	0
NOTE	29	12.682544708252	0.788733005523682	0
NOTE	30	12.9724674224854	0.215895891189575	0
NOTE	31	13.2361106872559	0.662593185901642	0
NOTE	32	13.5114326477051	0.339721262454987	0
NOTE	33	13.7742404937744	0.662593185901642	0
NOTE	34	14.0296964645386	0.22399665415287	0
NOTE	35	14.3258767724037	0.793361961841583	0
NOTE	36	14.6053705215454	0.22399665415287	0
NOTE	37	14.8765211105347	0.793361961841583	0
NOTE	38	15.1610221862793	0.343193054199219	0
NOTE	39	15.3737716674805	0.673008322715759	0.3000000
NOTE	40	15.9557027816772	0.343193054199219	0
NOTE	41	16.2361869812012	0.792204797267914	0
NOTE	42	16.5052528381348	0.226311162114143	0
NOTE	43	16.7743186950684	0.785261332988739	0
NOTE	44	17.0629920959473	0.333935081958771	0
NOTE	45	17.3299694061279	0.666064858436584	0
NOTE	46	17.5969494581223	0.343193054199219	0.3000000
NOTE	47	18.9620399475098	0.655649721622467	0
NOTE	48	19.2423667907715	0.343193054199219	0
NOTE	49	19.5072612762451	0.648706197738647	0
NOTE	50	19.7346096038818	0.348979353904724	0.2653904
NOTE	51	20.3154487609863	0.738971471786499	0
NOTE	52	20.5886840820313	0.248298853635788	0.3000000
NOTE	53	21.1401634216309	0.661435902118683	0.3000000
NOTE	54	21.682466506958	0.325834304094315	0.3000000
NOTE	55	22.2382736206055	0.743600428104401	0
NOTE	56	22.6450004577637	0.210109651088715	0
NOTE	57	23.060905456543	0.659121453762054	0
NOTE	58	23.4592876434326	0.354765444993973	0
NOTE	59	23.8576717376709	0.663750410079956	0
NOTE	60	24.1444149017334	0.223996698856354	0
NOTE	61	24.9682960510254	0.22283935546875	0
NOTE	62	24.5344543457031	0.771374344825745	0
NOTE	63	25.2340240478516	0.662593185901642	0
NOTE	64	25.515604019165	0.340878635644913	0
NOTE	65	25.8055286407471	0.662593185901642	0
NOTE	66	26.0505542755127	0.228625670075417	0
NOTE	67	26.3071041107178	0.762116372585297	0.3000000
NOTE	68	27.9661312103271	0.405684381723404	0
NOTE	69	28.2320156097412	0.66490763425827	0
NOTE	70	28.4468517303467	0.362866282463074	0.3000000
NOTE	71	29.0588188171387	0.741285920143127	0
NOTE	72	29.8680992126465	0.747072160243988	0
NOTE	73	29.3091125488281	0.223996669054031	0.3000000
NOTE	74	30.4072227478027	0.406841665506363	0.3000000
NOTE	75	30.9370098114014	0.694995999336243	0
NOTE	76	31.3654289245605	0.325834333896637	0
NOTE	77	31.7763252258301	0.682266354560852	0
NOTE	78	32.1903038024902	0.22515395283699	0
NOTE	79	32.5928573608398	0.779475033283234	0
NOTE	80	32.8640071749687	0.223996639251709	0
NOTE	81	33.2819938659668	0.616303324699402	0
NOTE	82	33.6803817749023	0.309632897377014	0
NOTE	83	34.0150960683823	0.604730844497681	0.4849052
NOTE	84	35.0504760742188	0.223996624350548	0
NOTE	85	35.3362274169922	0.782946884632111	0
NOTE	86	35.617805480957	0.218210458755493	0
NOTE	87	35.8931312561035	0.787575840950012	0
NOTE	88	36.1527557373047	0.337406784296036	0
NOTE	89	36.4239082336426	0.65912139415741	0
NOTE	90	36.6929740905762	0.340878635644913	0
NOTE	91	36.9620399475098	0.660278618335724	0
NOTE	92	37.2298527956009	0.211266994476318	0
NOTE	93	37.5156059265137	0.794519305229187	0
NOTE	94	37.7658958435059	0.211266994476318	0
NOTE	95	38.0630683898926	0.670693874359131	0
NOTE	96	38.3175354003906	0.338564097881317	0
NOTE	97	38.6199722290039	0.662593185901642	0
NOTE	98	38.8702621459961	0.337406814098358	0
NOTE	99	39.1422502100468	0.705411314964294	0
NOTE	100	39.9577903747559	0.705411314964294	0
NOTE	101	39.4050598144531	0.249456107616425	0.3000000
NOTE	102	40.5240249633789	0.515622794628143	0.3000000
NOTE	103	41.0525588989258	0.250613331794739	0
NOTE	104	41.8201293945313	0.244827106595039	0
NOTE	105	41.3216285705566	0.736656904220581	0.3000000
NOTE	106	42.2737312316895	0.791047513484955	0
NOTE	107	42.6908874511719	0.226311206817627	0
NOTE	108	43.0942764282227	0.637133717536926	0
NOTE	109	43.5135192871094	0.336249589920044	0
NOTE	110	43.7763252258301	0.66490763425827	0
NOTE	111	44.3029327392578	0.222839370369911	0
NOTE	112	44.8598365783691	0.772531569004059	0
NOTE	113	45.2757415771484	0.335092306137085	0
NOTE	114	45.6678657531738	0.66490763425827	0
NOTE	115	45.9577903747559	0.340878546237946	0
NOTE	116	46.3592491149902	0.782946825027466	0
NOTE	117	46.7910041809082	0.226311132311821	0
NOTE	118	47.0588188171387	0.660278677940369	0
NOTE	119	47.4530296325684	0.346664786338806	0
NOTE	120	47.8514137268066	0.662593126296997	0
NOTE	121	48.1506729125977	0.284173458814621	0
NOTE	122	48.6950569152832	0.715826451778412	0
NOTE	123	49.2215096950531	0.375595957040787	0
NOTE	124	49.7889595031738	0.75054395198822	0
NOTE	125	49.9990005493164	0.542239487171173	0
NOTE	126	51.0009994506836	0.663750410079956	0
NOTE	127	50.5928573608398	0.208952412009239	0
NOTE	128	51.4154853820801	0.329306095838547	0
NOTE	129	51.8305549621582	0.661435902118683	0
NOTE	130	52.2320137023926	0.239040851593018	0
NOTE	131	52.4885673522949	0.756330132484436	0.3000000
NOTE	132	53.0442186892033	0.255242258310318	0.3000000
NOTE	133	53.582347869873	0.512151122093201	0.3000000
NOTE	134	54.4134788513184	0.749386668205261	0
NOTE	135	54.021354675293	0.257556855678558	0
NOTE	136	54.6888008117676	0.254085093736649	0
NOTE	137	55.0921897888184	0.657964169979095	0
NOTE	138	55.5156059265137	0.330463379621506	0
NOTE	139	55.78466796875	0.667222142219543	0
NOTE	140	56.1861305236816	0.221682205796242	0
NOTE	141	56.6137161254883	0.780632317066193	0
NOTE	142	56.8660926818848	0.210109695792198	0
NOTE	143	57.4154891967773	0.603573560714722	0.3000000
NOTE	144	58.0009994506836	0.354765504598618	0.3000000
NOTE	145	58.5031661987305	0.760959088802338	0.3000000
NOTE	146	59.0567321777344	0.219367668032646	0.3000000
NOTE	147	59.5990333557129	0.625561237335205	0.3000000
NOTE	148	60.1131248474121	0.380224943161011	0.3000000
NOTE	149	60.6637725830078	0.259871244430542	0
NOTE	150	60.9599533081055	0.756330072879791	0
NOTE	151	61.2444534301758	0.418414145708084	0.3000000
NOTE	152	61.7700691223145	0.638291001319885	0.2299309
NOTE	153	62.3071060180664	0.279544502496719	0
NOTE	154	62.7075729370117	0.789890289306641	0
NOTE	155	63.1505928039551	0.335092276334763	0
NOTE	156	63.4113159179688	0.655649662017822	0
NOTE	157	63.8242988586426	0.340878546237946	0
NOTE	158	64.2341079711914	0.781789541244507	0
NOTE	159	64.5052490234375	0.232097372412682	0
NOTE	160	64.8911209106445	0.774846076965332	0
NOTE	161	65.327880859375	0.381382197141647	0
NOTE	162	65.6115493774414	0.624404013156891	0.3000000
NOTE	163	66.1319046020508	0.263343036174774	0
NOTE	164	66.409423828125	0.760959148406982	0
NOTE	165	66.5824279785156	0.587372124195099	0
NOTE	166	66.820198059082	0.237883612513542	0
NOTE	167	67.1067886352539	0.653335154056549	0
NOTE	168	67.3695983886719	0.372124224901199	0
NOTE	169	67.7721557617188	0.671851098537445	0
NOTE	170	68.0548477172852	0.244827061891556	0
NOTE	171	68.2278442382813	0.42072856426239	0
NOTE	172	68.4301605224609	0.700782299041748	0
NOTE	173	68.7242584228516	0.366337954998016	0
NOTE	174	69.0129318237305	0.788733005523682	0
NOTE	175	69.2819976806641	0.208952382206917	0
NOTE	176	69.5468902587891	0.793362021446228	0
NOTE	177	70.0009994506836	0.350136518478394	0
NOTE	178	70.3717651367188	0.671851098537445	0
NOTE	179	70.7722320556641	0.336249589920044	0
NOTE	180	71.060905456543	0.749881946253796	0
NOTE	181	71.4509429931641	0.222839415073395	0
NOTE	182	71.8764419555664	0.758644635772098	0
NOTE	183	72.1339874267578	0.33856412768364	0
NOTE	184	72.5448837280273	0.670693814754486	0
NOTE	185	72.9495239257813	0.337406814098358	0
NOTE	186	73.2381973266602	0.75054395198822	0
NOTE	187	73.6365814208984	0.254085063934326	0
NOTE	188	74.0422134399414	0.669536650180817	0
NOTE	189	74.3258767724037	0.417256861925125	0.3000000
NOTE	190	74.8473205566406	0.663750410079956	0
NOTE	191	75.0337905883789	0.249456137418747	0
NOTE	192	75.2861709594727	0.787575781345367	0
NOTE	193	75.5573196411133	0.236726328730583	0
NOTE	194	75.8243026733398	0.803777277469635	0
NOTE	195	76.1089553833008	0.396426439285278	0
NOTE	196	76.5156824588776	0.571170687675476	0.3000000
NOTE	197	77.7241821289063	0.219367608428001	0
NOTE	198	77.9849014282227	0.778317809104919	0
NOTE	199	77.0735321044922	0.236726328730583	0
NOTE	200	77.2548828125	0.41031339764595	0
NOTE	201	77.4613800048828	0.766745388507843	0
NOTE	202	78.2695617675781	0.375595957040787	0
NOTE	203	78.6825485229492	0.651020646095276	0.3000000
NOTE	204	79.2341461181641	0.221682161092758	0
NOTE	205	79.3570899963379	0.321409867116941	0
NOTE	206	79.4800338745117	0.411470585400124	0
NOTE	207	79.6803817749023	0.785261273384094	0
NOTE	208	80.0568084716797	0.340878576040268	0
NOTE	209	80.4635391235352	0.660278677940369	0
NOTE	210	80.8514938354492	0.329306125640869	0
NOTE	211	81.2840830087662	0.765588104724884	0
NOTE	212	81.6803817749023	0.226311147212982	0
NOTE	213	81.9577865600586	0.765588104724884	0
NOTE	214	82.2321319580078	0.355922758579254	0
NOTE	215	82.4218215942383	0.485534399747849	0
NOTE	216	82.6283111572266	0.68458080291748	0.3000000
NOTE	217	83.0629959106445	0.258714109659195	0.3000000
NOTE	218	83.5908050537109	0.782946765422821	0
NOTE	219	83.8180465698242	0.55381190776825	0
NOTE	220	84.0009994506836	0.288802474737167	0
NOTE	221	84.2820739746094	0.722769975662231	0
NOTE	222	84.5365447998047	0.24598428606987	0
NOTE	223	84.7993469238281	0.735499739646912	0
NOTE	224	85.2277679443359	0.445030778646469	0.3000000
NOTE	225	85.7868728637695	0.763273596763611	0
NOTE	226	85.9869842529297	0.549182951450348	0
NOTE	227	86.1736145019531	0.34087860584259	0
NOTE	228	86.4426803588867	0.676480054855347	0
NOTE	229	86.7326049804688	0.335092335939407	0
NOTE	230	87.4175720214844	0.295745939016342	0.3000000
NOTE	231	87.0254440307617	0.706568539142609	0
NOTE	232	88.0009994506836	0.750543954069506	0
NOTE	233	88.1800651550293	0.650062508598637	0
NOTE	234	88.359130859375	0.528352618217468	0
NOTE	235	88.7826614379883	0.240198120474815	0
NOTE	236	89.1777114868164	0.78410404920578	0
NOTE	237	89.6011199951172	0.217053204774857	0
NOTE	238	90.0150909423828	0.668379366397858	0
NOTE	239	90.4030456542969	0.354765474796295	0
NOTE	240	91.4801406860352	0.800305545330048	0
NOTE	241	91.0817642211914	0.241355389356613	0
NOTE	242	90.6929779052734	0.668379366397858	0
NOTE	243	91.7888412475586	0.733185231685638	0
NOTE	244	91.9244155883789	0.637133717536926	0
NOTE	245	92.0442962646484	0.530667006969452	0
NOTE	246	92.1802190185365	0.516201424861084	0
NOTE	247	92.3161417724245	0.50173584792601	0
NOTE	248	92.4520645141602	0.487270265817642	0
NOTE	249	92.5879872802007	0.472804686295921	0
NOTE	250	92.7239099976314	0.458339105480877	0
NOTE	251	92.8598356246948	0.443873524665833	0
NOTE	252	93.0129318237305	0.350136518478394	0
NOTE	253	93.1499971723522	0.278883129358292	0
NOTE	254	93.2870625209739	0.257391512393951	0
NOTE	255	93.4241278552986	0.245157524943352	0
NOTE	256	93.5611932182173	0.23755294084549	0
NOTE	257	93.698258552542	0.240363359451294	0
NOTE	258	93.8353238868667	0.266318798065186	0
NOTE	259	93.9723892211914	0.315419107675552	0
NOTE	260	94.0880982875824	0.372124254703522	0
NOTE	261	94.2261060120069	0.402405470609665	0
NOTE	262	94.3641154053614	0.409734755754471	0
NOTE	263	94.502124786377	0.417256891727448	0
NOTE	264	94.6401341920705	0.434229820966721	0
NOTE	265	94.778143548408	0.455253094434738	0
NOTE	266	94.9161515235901	0.492863565683365	0
NOTE	267	95.0609049797058	0.587372124195099	0
NOTE	268	95.1985626220703	0.61861777305603	0
NOTE	269	95.3341445922852	0.635976493358612	0
NOTE	270	95.4676284790039	0.629032969474792	0
NOTE	271	95.6136322021484	0.61861777305603	0
NOTE	272	95.7408676147461	0.625561237335205	0
NOTE	273	95.8701858520508	0.646391689777374	0
NOTE	274	96.0109252929688	0.714669227600098	0
NOTE	275	96.1470969124769	0.773688852787018	0
NOTE	276	96.283268531985	0.777160584926605	0
NOTE	277	96.4194401372893	0.777160584926605	0
NOTE	278	96.5556117710012	0.772531628608704	0
NOTE	279	96.6917833763055	0.769059777259827	0
NOTE	280	96.8279549816098	0.749386668205261	0
NOTE	281	96.9641265869141	0.703096807003021	0
NOTE	282	97.0838470458984	0.55959814786911	0
NOTE	283	97.226723993109	0.541082262992859	0
NOTE	284	97.3696009403195	0.548025727272034	0
NOTE	285	97.5124778747559	0.575799643993378	0
NOTE	286	97.6553548347406	0.579271376132965	0
NOTE	287	97.7982317436285	0.582743227481842	0
NOTE	288	97.9411087036133	0.56654167175293	0
NOTE	289	98.0547256469727	0.492477893829346	0
NOTE	290	98.1906484008607	0.460074931383133	0
NOTE	291	98.3265711547488	0.446188002824783	0
NOTE	292	98.4624938964844	0.439244598150253	0
NOTE	293	98.5984166625249	0.433458298444748	0
NOTE	294	98.7343393799556	0.41725680232048	0
NOTE	295	98.8702644109726	0.397583663463593	0
NOTE	296	99.0233612060547	0.309632956981659	0
NOTE	297	99.1586390964492	0.267972081899643	0
NOTE	298	99.2939169868437	0.235569149255753	0
NOTE	299	99.4291948631276	0.222839429974556	0
NOTE	300	99.5644727676327	0.214738681912422	0
NOTE	301	99.6997506439166	0.219367682933807	0
NOTE	302	99.8350285202005	0.227468401193619	0
NOTE	303	99.9703063964844	0.240198165178299	0
NOTE	304	110.284156799316	0.523723542690277	0.3000000
NOTE	305	100.104782104492	0.348979294300079	0
NOTE	306	100.246612548828	0.366337954998016	0
NOTE	307	100.361335754395	0.374438732862473	0
NOTE	308	100.515682458878	0.375595957040787	0
NOTE	309	100.636657714844	0.38138222694397	0
NOTE	310	100.782661437988	0.388325691223145	0
NOTE	311	100.905723571777	0.392954677343369	0
NOTE	312	101.065078735352	0.485534399747849	0
NOTE	313	101.194396972656	0.507522106170654	0
NOTE	314	101.313285827637	0.516780018806458	0
NOTE	315	101.461380004883	0.514465510845184	0
NOTE	316	101.588607788086	0.510993838310242	0
NOTE	317	101.736694335938	0.514465570449829	0
NOTE	318	101.876441955566	0.516780078411102	0
NOTE	319	102.148590087891	0.617460608482361	0
NOTE	320	102.286249800652	0.635976433753967	0
NOTE	321	102.423909513413	0.647548973560333	0
NOTE	322	102.561569213867	0.639448225498199	0
NOTE	323	102.699228938936	0.63829094171524	0
NOTE	324	102.836888614775	0.646391689777374	0
NOTE	325	102.974548339844	0.667222142219543	0
NOTE	326	102.027610719204	0.607045292854309	0
NOTE	327	165.00000	0.213581413030624	0
NOTE	328	165.062990695238	0.213581413030624	0
NOTE	329	165.16299071908	0.213581413030624	0
NOTE	330	103.10945892334	0.763273596763611	0
NOTE	331	103.24861907959	0.781789541244507	0
NOTE	332	103.380027770996	0.793362081050873	0
NOTE	333	103.501007080078	0.801462769508362	0
NOTE	334	103.644920349121	0.801462709903717	0
NOTE	335	103.784675598145	0.786418557167053	0
NOTE	336	103.911895751953	0.743600428104401	0
NOTE	337	104.058898925781	0.630190253257751	0
NOTE	338	104.210327150694	0.605888068675995	0
NOTE	339	104.361755375607	0.612831473350525	0
NOTE	340	104.513183611802	0.619775056838989	0
NOTE	341	104.664611825432	0.617460489273071	0
NOTE	342	104.816040039063	0.609359741210938	0
NOTE	343	105.000999450684	0.55381190776825	0
NOTE	344	105.142153065043	0.47743371129036	0
NOTE	345	105.283306679403	0.453131526708603	0
NOTE	346	105.424460279039	0.436929941177368	0
NOTE	347	105.565613908122	0.435772746801376	0
NOTE	348	105.706767507759	0.45081701874733	0
NOTE	349	105.847921107395	0.454288721084595	0
NOTE	350	105.989074707031	0.458917766809464	0
NOTE	351	106.121475219727	0.369809746742249	0
NOTE	352	106.267895509994	0.340878576040268	0
NOTE	353	106.414315800262	0.331620573997498	0
NOTE	354	106.560736101439	0.33509224653244	0
NOTE	355	106.707156380798	0.332777827978134	0
NOTE	356	106.853576660156	0.337406843900681	0
NOTE	357	107.146415710449	0.236726328730583	0
NOTE	358	107.321624755859	0.219367653131485	0
NOTE	359	107.457202464342	0.218210443854332	0
NOTE	360	107.617805480957	0.228625625371933	0
NOTE	361	107.74503326416	0.232097297906876	0
NOTE	362	107.882698059082	0.259871274232864	0
NOTE	363	108.073497802019	0.376753211021423	0
NOTE	364	108.235774233375	0.389482915401459	0
NOTE	365	108.387619018555	0.381382167339325	0
NOTE	366	108.560317993164	0.39179739356041	0
NOTE	367	108.722592172758	0.401055425405502	0
NOTE	368	108.884864807129	0.435772806406021	0
NOTE	369	109.13599395752	0.589686632156372	0
NOTE	370	109.309112548828	0.639448225498199	0
NOTE	371	109.532290399075	0.670693874359131	0
NOTE	372	109.818046569824	0.674165606498718	0
NOTE	373	111.017103582621	0.500578582286835	0.3000000
NOTE	374	111.62197881937	0.2726009786129	0.3000000
NOTE	375	112.144416809082	0.735499680042267	0.3000000
NOTE	376	112.720088541508	0.311947405338287	0.2799115
NOTE	377	113.254875183105	0.677637338638306	0.3000000
NOTE	378	113.793014526367	0.302689403295517	0.2069855
NOTE	379	114.321708679199	0.651020705699921	0.3000000
NOTE	380	114.866096496582	0.372124254703522	0
NOTE	381	115.152679443359	0.793362021446228	0
NOTE	382	115.428009033203	0.219367608428001	0
NOTE	383	115.678291320801	0.78410404920578	0
NOTE	384	116.000999450684	0.344350337982178	0
NOTE	385	116.240356445313	0.657964110374451	0
NOTE	386	116.528198242188	0.340878546237946	0
NOTE	387	116.78475189209	0.667222142219543	0
NOTE	388	117.077590942383	0.332777827978134	0.3000000
NOTE	389	117.836929321289	0.752858400344849	0
NOTE	390	117.999000549316	0.576956927776337	0
NOTE	391	118.578254699707	0.358237206935883	0.3000000
NOTE	392	119.113052368164	0.70541125535965	0.3000000
NOTE	393	119.636581420898	0.289959698915482	0.3000000
NOTE	394	120.198638916016	0.548025786876678	0.3000000
NOTE	395	120.768058776855	0.329306125640869	0.2319412
NOTE	396	121.294509887695	0.764430820941925	0.3000000
NOTE	397	121.799270629883	0.33509236574173	0.1757009
NOTE	398	122.373847961426	0.653335213661194	0.3000000
NOTE	399	122.924491882324	0.370967030525208	0
NOTE	400	123.453025817871	0.550340175628662	0.3000000
NOTE	401	124.07975769043	0.256399571895599	0
NOTE	402	124.348823547363	0.748229384422302	0
NOTE	403	124.578254699707	0.254085093736649	0
NOTE	404	124.853576660156	0.749386608600616	0
NOTE	405	125.098449707031	0.382539421319962	0
NOTE	406	125.37377166748	0.637133657932281	0
NOTE	407	125.642837524414	0.389482945203781	0.3000000
NOTE	408	127.033790588379	0.766745328903198	0
NOTE	409	127.290336608887	0.233254551887512	0
NOTE	410	127.569831848145	0.776003360748291	0
NOTE	411	127.832641601563	0.228625625371933	0
NOTE	412	128.380111694336	0.653335213661194	0
NOTE	413	128.636657476425	0.410313367843628	0.3000000
NOTE	414	129.188125610352	0.644077181816101	0.3000000
NOTE	415	129.740859985352	0.347822040319443	0
NOTE	416	130.277908325195	0.640605449676514	0
NOTE	417	130.701309204102	0.347822070121765	0
NOTE	418	131.121383666992	0.75170111656189	0
NOTE	419	131.515609741211	0.234411865472794	0
NOTE	420	131.916076660156	0.759801924228668	0
NOTE	421	132.20491027832	0.351293802261353	0
NOTE	422	132.607452392578	0.657964169979095	0
NOTE	423	133.071334838867	0.220524787902832	0
NOTE	424	133.317443847656	0.799148321151733	0
NOTE	425	133.567749023438	0.222839340567589	0
NOTE	426	133.832641601563	0.800305545330048	0
NOTE	427	134.117294311523	0.375595957040787	0
NOTE	428	134.382186889648	0.592001080513	0.3000000
LINK 124 125
LINK 164 165
LINK 170 171
LINK 199 200
LINK 204 205 206
LINK 214 215
LINK 218 219
LINK 225 226
LINK 232 233 234
LINK 327 328 329
LINK 389 390
